,ds,Age,y,weekend,y_lag_1,y_lag_2,y_lag_3,y_lag_4,y_lag_5,y_lag_6,y_lag_7,y_lag_8,y_lag_9,y_lag_10,y_rolling_mean,Gender_Female,Gender_Male,cap,floor
521,2023-01-01,46,1500,True,100.0,100.0,100.0,600.0,1500.0,50.0,2000.0,150.0,60.0,60.0,464.5,0,1,2000,25
179,2023-01-01,41,900,True,300.0,60.0,100.0,120.0,50.0,1500.0,300.0,2000.0,60.0,1000.0,504.5,0,1,2000,25
558,2023-01-01,40,1200,True,25.0,90.0,50.0,150.0,75.0,100.0,60.0,200.0,25.0,50.0,637.0,1,0,2000,25
302,2023-01-02,19,90,False,600.0,120.0,1000.0,1200.0,90.0,1200.0,600.0,60.0,120.0,100.0,256.0,0,1,2000,25
978,2023-01-02,19,25,False,150.0,75.0,600.0,200.0,200.0,900.0,900.0,50.0,60.0,120.0,492.5,1,0,2000,25
162,2023-01-02,64,150,False,100.0,600.0,100.0,120.0,75.0,1500.0,50.0,50.0,600.0,500.0,405.0,1,0,2000,25
420,2023-01-02,37,1500,False,2000.0,90.0,1000.0,75.0,2000.0,100.0,900.0,500.0,900.0,100.0,368.0,1,0,2000,25
609,2023-01-03,26,600,False,100.0,1500.0,200.0,90.0,300.0,1000.0,100.0,300.0,2000.0,600.0,383.0,1,0,2000,25
682,2023-01-04,38,1000,False,1200.0,1500.0,150.0,30.0,1200.0,150.0,50.0,1200.0,1000.0,25.0,417.0,0,1,2000,25
230,2023-01-04,23,150,False,60.0,50.0,100.0,50.0,25.0,90.0,200.0,200.0,200.0,50.0,290.0,1,0,2000,25
31,2023-01-04,30,90,False,1200.0,100.0,900.0,1500.0,120.0,1500.0,75.0,100.0,600.0,100.0,656.5,0,1,2000,25
390,2023-01-05,19,50,False,100.0,50.0,25.0,30.0,1500.0,500.0,600.0,300.0,50.0,60.0,669.5,0,1,2000,25
366,2023-01-05,57,50,False,500.0,1200.0,300.0,75.0,500.0,200.0,90.0,50.0,600.0,30.0,227.0,1,0,2000,25
431,2023-01-05,60,1000,False,900.0,200.0,120.0,25.0,90.0,1500.0,2000.0,90.0,1000.0,75.0,383.5,1,0,2000,25
149,2023-01-06,58,120,False,75.0,1500.0,50.0,50.0,600.0,500.0,600.0,50.0,90.0,60.0,477.5,1,0,2000,25
844,2023-01-06,54,500,False,150.0,1500.0,100.0,50.0,600.0,90.0,200.0,200.0,2000.0,100.0,805.0,0,1,2000,25
920,2023-01-07,51,75,True,90.0,150.0,900.0,300.0,1200.0,300.0,500.0,30.0,60.0,600.0,493.0,0,1,2000,25
796,2023-01-07,40,75,True,120.0,300.0,30.0,25.0,25.0,100.0,900.0,500.0,50.0,150.0,543.0,0,1,2000,25
290,2023-01-08,60,600,True,60.0,120.0,100.0,50.0,200.0,500.0,100.0,1000.0,300.0,2000.0,380.0,0,1,2000,25
906,2023-01-08,45,25,True,50.0,200.0,50.0,90.0,100.0,50.0,120.0,50.0,100.0,120.0,420.5,1,0,2000,25
859,2023-01-09,63,200,False,100.0,50.0,120.0,25.0,50.0,1000.0,50.0,50.0,50.0,500.0,783.0,0,1,2000,25
733,2023-01-10,27,30,False,50.0,200.0,500.0,1500.0,60.0,75.0,1200.0,100.0,500.0,50.0,666.0,1,0,2000,25
183,2023-01-10,31,200,False,120.0,1200.0,900.0,300.0,60.0,100.0,120.0,50.0,1500.0,300.0,416.5,0,1,2000,25
745,2023-01-11,33,90,False,2000.0,2000.0,200.0,50.0,2000.0,30.0,50.0,200.0,500.0,1500.0,375.5,1,0,2000,25
224,2023-01-11,57,100,False,50.0,25.0,90.0,200.0,200.0,200.0,50.0,25.0,1200.0,900.0,460.5,1,0,2000,25
678,2023-01-11,18,90,False,900.0,1500.0,60.0,300.0,1500.0,100.0,150.0,500.0,2000.0,100.0,406.5,1,0,2000,25
483,2023-01-13,19,1200,False,1200.0,1200.0,2000.0,60.0,2000.0,1500.0,900.0,1000.0,150.0,150.0,281.0,1,0,2000,25
590,2023-01-13,53,100,False,900.0,60.0,50.0,900.0,2000.0,100.0,60.0,2000.0,500.0,200.0,1001.0,0,1,2000,25
463,2023-01-13,38,600,False,1200.0,50.0,1200.0,60.0,100.0,200.0,2000.0,50.0,600.0,1200.0,130.5,0,1,2000,25
707,2023-01-14,43,900,True,500.0,90.0,600.0,60.0,120.0,300.0,200.0,150.0,50.0,100.0,445.5,1,0,2000,25
767,2023-01-14,24,75,True,25.0,50.0,500.0,1200.0,1200.0,75.0,100.0,30.0,50.0,75.0,575.0,1,0,2000,25
712,2023-01-14,34,75,True,1500.0,100.0,50.0,100.0,2000.0,500.0,1500.0,100.0,100.0,50.0,390.0,0,1,2000,25
696,2023-01-15,53,500,True,1500.0,100.0,100.0,50.0,1000.0,1200.0,1500.0,150.0,30.0,1200.0,371.0,0,1,2000,25
830,2023-01-15,27,100,True,90.0,900.0,120.0,300.0,200.0,500.0,200.0,1000.0,150.0,75.0,272.0,0,1,2000,25
498,2023-01-15,46,60,True,120.0,600.0,60.0,50.0,100.0,150.0,30.0,2000.0,30.0,30.0,242.5,0,1,2000,25
742,2023-01-16,34,2000,False,2000.0,200.0,50.0,2000.0,30.0,50.0,200.0,500.0,1500.0,60.0,359.5,1,0,2000,25
237,2023-01-17,39,500,False,1000.0,25.0,1000.0,50.0,600.0,25.0,150.0,60.0,50.0,100.0,496.5,1,0,2000,25
985,2023-01-17,49,1000,False,50.0,300.0,90.0,60.0,75.0,25.0,150.0,75.0,600.0,200.0,505.0,1,0,2000,25
102,2023-01-17,59,25,False,50.0,1200.0,100.0,1000.0,600.0,60.0,1000.0,2000.0,120.0,500.0,446.5,1,0,2000,25
13,2023-01-17,64,120,False,1500.0,75.0,100.0,600.0,100.0,50.0,100.0,500.0,30.0,150.0,272.0,0,1,2000,25
437,2023-01-19,42,30,False,1200.0,120.0,900.0,50.0,1000.0,900.0,200.0,120.0,25.0,90.0,607.5,1,0,2000,25
474,2023-01-20,26,75,False,50.0,150.0,75.0,25.0,100.0,600.0,1200.0,50.0,1200.0,60.0,264.0,0,1,2000,25
504,2023-01-20,24,50,False,2000.0,150.0,60.0,60.0,120.0,600.0,60.0,50.0,100.0,150.0,360.0,0,1,2000,25
447,2023-01-21,54,60,True,300.0,90.0,100.0,30.0,1200.0,120.0,900.0,50.0,1000.0,900.0,350.0,1,0,2000,25
741,2023-01-21,38,2000,True,200.0,50.0,2000.0,30.0,50.0,200.0,500.0,1500.0,60.0,75.0,244.5,1,0,2000,25
343,2023-01-21,42,30,True,2000.0,1200.0,50.0,150.0,120.0,1200.0,200.0,100.0,75.0,50.0,464.0,1,0,2000,25
786,2023-01-22,41,25,True,100.0,900.0,500.0,50.0,150.0,90.0,2000.0,30.0,50.0,50.0,621.0,0,1,2000,25
444,2023-01-22,53,300,True,90.0,100.0,30.0,1200.0,120.0,900.0,50.0,1000.0,900.0,200.0,333.5,1,0,2000,25
48,2023-01-23,54,1000,False,1500.0,1200.0,30.0,25.0,300.0,75.0,900.0,150.0,100.0,900.0,470.0,1,0,2000,25
419,2023-01-23,22,2000,False,90.0,1000.0,75.0,2000.0,100.0,900.0,500.0,900.0,100.0,1200.0,560.5,1,0,2000,25
63,2023-01-24,49,100,False,50.0,100.0,200.0,150.0,50.0,1200.0,120.0,100.0,75.0,900.0,620.0,0,1,2000,25
591,2023-01-24,46,2000,False,1000.0,1200.0,25.0,200.0,100.0,60.0,1500.0,30.0,120.0,150.0,923.0,1,0,2000,25
911,2023-01-24,51,150,False,900.0,300.0,1200.0,300.0,500.0,30.0,60.0,600.0,30.0,50.0,353.5,0,1,2000,25
133,2023-01-25,49,50,False,900.0,200.0,500.0,100.0,2000.0,120.0,50.0,1000.0,1500.0,1500.0,297.0,0,1,2000,25
287,2023-01-26,28,120,False,100.0,50.0,200.0,500.0,100.0,1000.0,300.0,2000.0,900.0,900.0,197.5,0,1,2000,25
719,2023-01-26,56,1500,False,60.0,75.0,1200.0,100.0,500.0,50.0,1500.0,1000.0,900.0,500.0,568.5,1,0,2000,25
617,2023-01-26,27,50,False,100.0,1200.0,90.0,500.0,600.0,100.0,1500.0,200.0,90.0,300.0,742.5,1,0,2000,25
322,2023-01-26,29,900,False,50.0,1200.0,50.0,1500.0,100.0,25.0,25.0,1200.0,50.0,30.0,443.0,1,0,2000,25
928,2023-01-27,23,75,False,1200.0,75.0,50.0,90.0,200.0,50.0,90.0,500.0,150.0,25.0,347.5,1,0,2000,25
735,2023-01-27,29,100,False,30.0,1000.0,2000.0,1200.0,150.0,900.0,1200.0,300.0,150.0,900.0,556.0,0,1,2000,25
414,2023-01-27,53,60,False,100.0,200.0,1000.0,600.0,200.0,1000.0,600.0,50.0,100.0,50.0,530.5,0,1,2000,25
263,2023-01-28,47,900,True,60.0,50.0,60.0,2000.0,1000.0,30.0,500.0,300.0,50.0,50.0,427.5,0,1,2000,25
939,2023-01-28,20,30,True,300.0,500.0,50.0,100.0,75.0,1200.0,75.0,50.0,90.0,200.0,381.0,1,0,2000,25
912,2023-01-28,29,90,True,150.0,900.0,300.0,1200.0,300.0,500.0,30.0,60.0,600.0,30.0,356.0,0,1,2000,25
100,2023-01-29,32,600,True,30.0,500.0,90.0,150.0,100.0,50.0,300.0,200.0,90.0,300.0,479.0,0,1,2000,25
316,2023-01-30,22,90,False,60.0,120.0,120.0,50.0,90.0,600.0,120.0,1000.0,1200.0,90.0,619.0,0,1,2000,25
188,2023-01-30,63,50,False,75.0,200.0,25.0,200.0,120.0,1200.0,900.0,300.0,60.0,100.0,548.0,0,1,2000,25
321,2023-01-30,51,500,False,500.0,25.0,90.0,60.0,120.0,120.0,50.0,90.0,600.0,120.0,468.0,0,1,2000,25
328,2023-01-30,46,100,False,75.0,50.0,150.0,900.0,50.0,1200.0,50.0,1500.0,100.0,25.0,571.5,1,0,2000,25
234,2023-01-31,23,1000,False,50.0,600.0,25.0,150.0,60.0,50.0,100.0,50.0,25.0,90.0,318.5,1,0,2000,25
299,2023-01-31,19,200,False,1000.0,1200.0,900.0,90.0,600.0,25.0,500.0,200.0,2000.0,1500.0,319.0,1,0,2000,25
963,2023-01-31,24,900,False,60.0,200.0,60.0,50.0,1500.0,25.0,90.0,100.0,900.0,300.0,446.5,0,1,2000,25
319,2023-02-01,28,1200,False,50.0,1500.0,100.0,25.0,25.0,1200.0,50.0,30.0,60.0,200.0,448.0,1,0,2000,25
672,2023-02-01,43,1500,False,100.0,150.0,500.0,2000.0,100.0,1000.0,30.0,500.0,100.0,600.0,170.5,1,0,2000,25
268,2023-02-01,25,2000,False,900.0,900.0,60.0,50.0,60.0,2000.0,1000.0,30.0,500.0,300.0,219.5,0,1,2000,25
141,2023-02-02,35,1200,False,30.0,2000.0,200.0,1000.0,600.0,50.0,50.0,900.0,200.0,500.0,567.0,0,1,2000,25
665,2023-02-02,51,150,False,50.0,1200.0,1000.0,25.0,25.0,90.0,75.0,75.0,150.0,30.0,507.0,0,1,2000,25
222,2023-02-02,64,25,False,90.0,200.0,200.0,200.0,50.0,25.0,1200.0,900.0,200.0,900.0,678.5,1,0,2000,25
932,2023-02-03,22,30,False,120.0,200.0,2000.0,30.0,300.0,100.0,900.0,50.0,75.0,90.0,169.5,0,1,2000,25
106,2023-02-03,21,1200,False,50.0,500.0,1000.0,25.0,50.0,1200.0,100.0,1000.0,600.0,60.0,396.5,1,0,2000,25
334,2023-02-04,47,120,True,1200.0,200.0,100.0,75.0,50.0,150.0,900.0,50.0,1200.0,50.0,632.0,1,0,2000,25
236,2023-02-04,50,1000,True,25.0,1000.0,50.0,600.0,25.0,150.0,60.0,50.0,100.0,50.0,405.5,1,0,2000,25
529,2023-02-05,18,120,True,150.0,60.0,50.0,300.0,120.0,100.0,120.0,30.0,100.0,900.0,518.0,1,0,2000,25
332,2023-02-05,54,1200,True,200.0,100.0,75.0,50.0,150.0,900.0,50.0,1200.0,50.0,1500.0,699.5,1,0,2000,25
739,2023-02-05,25,200,True,50.0,2000.0,30.0,50.0,200.0,500.0,1500.0,60.0,75.0,1200.0,351.0,1,0,2000,25
378,2023-02-05,47,25,True,200.0,30.0,75.0,600.0,1500.0,25.0,1200.0,50.0,500.0,1200.0,588.5,1,0,2000,25
489,2023-02-05,34,150,True,30.0,2000.0,30.0,30.0,1200.0,120.0,75.0,50.0,150.0,75.0,395.5,0,1,2000,25
62,2023-02-05,57,50,True,100.0,200.0,150.0,50.0,1200.0,120.0,100.0,75.0,900.0,900.0,520.0,0,1,2000,25
792,2023-02-05,54,30,True,25.0,25.0,100.0,900.0,500.0,50.0,150.0,90.0,2000.0,30.0,597.0,0,1,2000,25
194,2023-02-05,52,30,True,200.0,1500.0,100.0,25.0,50.0,75.0,200.0,25.0,200.0,120.0,422.0,0,1,2000,25
239,2023-02-06,23,300,False,500.0,1000.0,25.0,1000.0,50.0,600.0,25.0,150.0,60.0,50.0,625.5,1,0,2000,25
992,2023-02-06,48,150,False,60.0,100.0,1000.0,25.0,75.0,900.0,1000.0,50.0,300.0,90.0,599.5,1,0,2000,25
231,2023-02-06,43,25,False,150.0,60.0,50.0,100.0,50.0,25.0,90.0,200.0,200.0,200.0,288.0,1,0,2000,25
84,2023-02-06,31,150,False,100.0,50.0,300.0,200.0,90.0,300.0,2000.0,100.0,50.0,100.0,369.5,0,1,2000,25
371,2023-02-07,24,1500,False,25.0,1200.0,50.0,500.0,1200.0,300.0,75.0,500.0,200.0,90.0,392.0,1,0,2000,25
365,2023-02-07,57,100,False,300.0,25.0,25.0,100.0,50.0,1500.0,500.0,1000.0,75.0,25.0,241.0,0,1,2000,25
935,2023-02-07,57,200,False,500.0,30.0,120.0,200.0,2000.0,30.0,300.0,100.0,900.0,50.0,329.5,0,1,2000,25
595,2023-02-07,64,300,False,2000.0,600.0,2000.0,1000.0,1200.0,25.0,200.0,100.0,60.0,1500.0,539.0,1,0,2000,25
283,2023-02-08,43,200,False,500.0,100.0,1000.0,300.0,2000.0,900.0,900.0,60.0,50.0,60.0,218.0,0,1,2000,25
976,2023-02-08,35,75,False,600.0,200.0,200.0,900.0,900.0,50.0,60.0,120.0,900.0,25.0,482.5,1,0,2000,25
774,2023-02-08,46,100,False,50.0,120.0,75.0,25.0,50.0,500.0,1200.0,1200.0,75.0,100.0,499.0,1,0,2000,25
433,2023-02-08,43,50,False,1000.0,900.0,200.0,120.0,25.0,90.0,1500.0,2000.0,90.0,1000.0,486.0,1,0,2000,25
648,2023-02-09,58,600,False,120.0,90.0,100.0,300.0,120.0,200.0,1500.0,900.0,100.0,200.0,827.0,1,0,2000,25
67,2023-02-10,25,300,False,2000.0,100.0,50.0,100.0,200.0,150.0,50.0,1200.0,120.0,100.0,650.5,0,1,2000,25
191,2023-02-10,62,100,False,25.0,50.0,75.0,200.0,25.0,200.0,120.0,1200.0,900.0,300.0,380.5,0,1,2000,25
53,2023-02-10,38,1500,False,300.0,75.0,1000.0,1500.0,1200.0,30.0,25.0,300.0,75.0,900.0,741.0,1,0,2000,25
656,2023-02-11,40,25,True,90.0,75.0,75.0,150.0,30.0,1200.0,1500.0,90.0,75.0,500.0,303.0,0,1,2000,25
330,2023-02-11,28,90,True,100.0,150.0,500.0,500.0,25.0,90.0,60.0,120.0,120.0,50.0,682.5,0,1,2000,25
345,2023-02-11,59,1000,True,30.0,50.0,200.0,100.0,500.0,900.0,1200.0,90.0,100.0,150.0,510.0,0,1,2000,25
971,2023-02-11,49,100,True,2000.0,25.0,1000.0,200.0,900.0,60.0,200.0,60.0,50.0,1500.0,423.0,0,1,2000,25
731,2023-02-11,61,1000,True,2000.0,1200.0,150.0,900.0,1200.0,300.0,150.0,900.0,500.0,75.0,608.5,0,1,2000,25
713,2023-02-12,18,500,True,50.0,1500.0,1000.0,900.0,500.0,90.0,600.0,60.0,120.0,300.0,391.0,1,0,2000,25
944,2023-02-13,30,25,False,50.0,1500.0,200.0,200.0,500.0,30.0,120.0,200.0,2000.0,30.0,494.0,0,1,2000,25
576,2023-02-13,21,2000,False,100.0,60.0,2000.0,500.0,200.0,100.0,60.0,50.0,300.0,1200.0,564.0,0,1,2000,25
192,2023-02-13,35,1500,False,100.0,25.0,50.0,75.0,200.0,25.0,200.0,120.0,1200.0,900.0,475.5,0,1,2000,25
847,2023-02-13,63,75,False,1200.0,600.0,1200.0,50.0,60.0,150.0,1200.0,300.0,25.0,100.0,600.0,1,0,2000,25
820,2023-02-14,49,300,False,200.0,500.0,200.0,1000.0,150.0,75.0,50.0,100.0,2000.0,30.0,627.5,0,1,2000,25
132,2023-02-16,20,900,False,200.0,500.0,100.0,2000.0,120.0,50.0,1000.0,1500.0,1500.0,900.0,292.0,0,1,2000,25
291,2023-02-17,20,1200,False,600.0,60.0,120.0,100.0,50.0,200.0,500.0,100.0,1000.0,300.0,373.0,0,1,2000,25
860,2023-02-17,41,90,False,1500.0,300.0,1000.0,75.0,1200.0,600.0,1200.0,50.0,60.0,150.0,703.0,1,0,2000,25
15,2023-02-17,19,1500,False,120.0,1500.0,75.0,100.0,600.0,100.0,50.0,100.0,500.0,30.0,350.0,0,1,2000,25
415,2023-02-17,53,2000,False,60.0,100.0,200.0,1000.0,600.0,200.0,1000.0,600.0,50.0,100.0,580.5,0,1,2000,25
583,2023-02-17,27,200,False,100.0,60.0,1500.0,30.0,120.0,150.0,50.0,50.0,300.0,900.0,858.5,1,0,2000,25
41,2023-02-17,22,900,False,50.0,50.0,120.0,200.0,900.0,90.0,1200.0,100.0,900.0,1500.0,743.5,0,1,2000,25
255,2023-02-18,23,1000,True,30.0,500.0,300.0,50.0,50.0,900.0,60.0,90.0,100.0,25.0,782.5,0,1,2000,25
43,2023-02-19,22,25,True,300.0,75.0,900.0,150.0,100.0,900.0,30.0,500.0,50.0,1000.0,645.0,1,0,2000,25
256,2023-02-19,19,2000,True,1000.0,30.0,500.0,300.0,50.0,50.0,900.0,60.0,90.0,100.0,597.5,0,1,2000,25
965,2023-02-20,60,1000,False,200.0,900.0,60.0,200.0,60.0,50.0,1500.0,25.0,90.0,100.0,406.5,0,1,2000,25
267,2023-02-20,28,30,False,90.0,60.0,120.0,200.0,50.0,2000.0,200.0,50.0,900.0,75.0,279.5,1,0,2000,25
286,2023-02-20,54,100,False,50.0,200.0,500.0,100.0,1000.0,300.0,2000.0,900.0,900.0,60.0,82.5,0,1,2000,25
899,2023-02-21,21,60,False,600.0,30.0,50.0,50.0,900.0,50.0,100.0,900.0,500.0,300.0,417.5,0,1,2000,25
370,2023-02-21,20,25,False,1200.0,50.0,500.0,1200.0,300.0,75.0,500.0,200.0,90.0,50.0,297.0,1,0,2000,25
69,2023-02-21,43,300,False,75.0,1200.0,30.0,30.0,900.0,1500.0,300.0,75.0,1000.0,1500.0,715.5,1,0,2000,25
919,2023-02-22,28,75,False,50.0,90.0,200.0,50.0,90.0,500.0,150.0,25.0,50.0,200.0,433.0,1,0,2000,25
779,2023-02-22,52,50,False,150.0,90.0,2000.0,30.0,50.0,50.0,75.0,900.0,200.0,50.0,689.0,0,1,2000,25
40,2023-02-22,34,50,False,50.0,120.0,200.0,900.0,90.0,1200.0,100.0,900.0,1500.0,120.0,740.5,0,1,2000,25
453,2023-02-22,46,25,False,1000.0,1500.0,30.0,50.0,60.0,300.0,90.0,100.0,30.0,1200.0,265.5,1,0,2000,25
395,2023-02-23,55,30,False,500.0,1000.0,600.0,90.0,1000.0,100.0,25.0,200.0,30.0,75.0,582.0,1,0,2000,25
399,2023-02-24,53,200,False,1000.0,600.0,50.0,100.0,50.0,25.0,30.0,1500.0,500.0,600.0,330.5,0,1,2000,25
610,2023-02-24,51,1500,False,75.0,50.0,1000.0,30.0,120.0,1200.0,60.0,100.0,900.0,60.0,365.5,0,1,2000,25
799,2023-02-24,32,1200,False,100.0,50.0,75.0,120.0,300.0,30.0,25.0,25.0,100.0,900.0,442.0,0,1,2000,25
167,2023-02-24,53,300,False,2000.0,60.0,1000.0,200.0,2000.0,2000.0,900.0,1000.0,2000.0,50.0,404.5,0,1,2000,25
472,2023-02-25,64,50,True,150.0,75.0,25.0,100.0,600.0,1200.0,50.0,1200.0,60.0,100.0,198.0,0,1,2000,25
505,2023-02-25,34,1500,True,50.0,2000.0,150.0,60.0,60.0,120.0,600.0,60.0,50.0,100.0,366.0,0,1,2000,25
765,2023-02-25,38,900,True,200.0,50.0,500.0,100.0,100.0,100.0,30.0,150.0,30.0,100.0,725.0,0,1,2000,25
271,2023-02-25,61,100,True,120.0,30.0,90.0,60.0,120.0,200.0,50.0,2000.0,200.0,50.0,193.0,1,0,2000,25
134,2023-02-26,20,50,True,50.0,900.0,200.0,500.0,100.0,2000.0,120.0,50.0,1000.0,1500.0,282.0,0,1,2000,25
184,2023-02-27,24,25,False,200.0,120.0,1200.0,900.0,300.0,60.0,100.0,120.0,50.0,1500.0,414.0,0,1,2000,25
157,2023-02-27,44,600,False,100.0,120.0,75.0,1500.0,50.0,50.0,600.0,500.0,600.0,50.0,324.0,1,0,2000,25
432,2023-02-27,29,200,False,1200.0,50.0,25.0,150.0,1200.0,900.0,2000.0,60.0,100.0,200.0,488.5,0,1,2000,25
151,2023-02-28,43,2000,False,50.0,75.0,60.0,300.0,200.0,1200.0,30.0,2000.0,200.0,1000.0,415.5,0,1,2000,25
762,2023-02-28,34,50,False,500.0,100.0,100.0,100.0,30.0,150.0,30.0,100.0,25.0,300.0,472.0,0,1,2000,25
752,2023-02-28,32,30,False,50.0,75.0,90.0,2000.0,2000.0,200.0,50.0,2000.0,30.0,50.0,317.0,1,0,2000,25
931,2023-02-28,45,100,False,75.0,1200.0,75.0,50.0,90.0,200.0,50.0,90.0,500.0,150.0,199.5,1,0,2000,25
398,2023-03-01,64,60,False,600.0,25.0,30.0,500.0,1000.0,600.0,90.0,1000.0,100.0,25.0,337.0,1,0,2000,25
499,2023-03-01,60,100,False,100.0,200.0,900.0,900.0,25.0,1200.0,1200.0,1200.0,2000.0,60.0,272.5,1,0,2000,25
946,2023-03-02,50,300,False,2000.0,25.0,50.0,1500.0,200.0,200.0,500.0,30.0,120.0,200.0,309.0,0,1,2000,25
887,2023-03-03,52,100,False,120.0,60.0,50.0,30.0,25.0,2000.0,100.0,75.0,120.0,300.0,389.5,1,0,2000,25
884,2023-03-03,52,120,False,60.0,50.0,30.0,25.0,2000.0,100.0,75.0,120.0,300.0,300.0,389.5,1,0,2000,25
219,2023-03-03,64,500,False,90.0,100.0,1500.0,60.0,1500.0,1500.0,1500.0,200.0,25.0,25.0,600.0,0,1,2000,25
338,2023-03-03,22,50,False,150.0,120.0,1200.0,200.0,100.0,75.0,50.0,150.0,900.0,50.0,403.0,1,0,2000,25
784,2023-03-03,31,200,False,500.0,300.0,1000.0,100.0,100.0,50.0,120.0,75.0,25.0,50.0,576.0,1,0,2000,25
620,2023-03-04,40,1000,True,50.0,100.0,1200.0,90.0,500.0,600.0,100.0,1500.0,200.0,90.0,741.0,1,0,2000,25
535,2023-03-05,55,120,True,120.0,120.0,150.0,60.0,50.0,300.0,120.0,100.0,120.0,30.0,341.5,1,0,2000,25
51,2023-03-05,36,300,True,75.0,1000.0,1500.0,1200.0,30.0,25.0,300.0,75.0,900.0,150.0,610.0,1,0,2000,25
916,2023-03-06,57,200,False,50.0,90.0,500.0,150.0,25.0,50.0,200.0,50.0,90.0,100.0,420.0,1,0,2000,25
909,2023-03-06,20,150,False,25.0,50.0,200.0,50.0,90.0,100.0,50.0,120.0,50.0,100.0,269.5,1,0,2000,25
196,2023-03-06,42,200,False,900.0,90.0,100.0,900.0,100.0,100.0,300.0,900.0,50.0,150.0,362.0,1,0,2000,25
749,2023-03-06,35,75,False,90.0,2000.0,2000.0,200.0,50.0,2000.0,30.0,50.0,200.0,500.0,378.5,1,0,2000,25
197,2023-03-07,54,900,False,200.0,900.0,90.0,100.0,900.0,100.0,100.0,300.0,900.0,50.0,357.5,1,0,2000,25
546,2023-03-07,63,2000,False,50.0,600.0,500.0,500.0,150.0,90.0,1000.0,1500.0,500.0,50.0,324.0,0,1,2000,25
704,2023-03-07,60,50,False,100.0,2000.0,500.0,1500.0,100.0,100.0,50.0,1000.0,1200.0,1500.0,321.5,0,1,2000,25
443,2023-03-07,61,90,False,100.0,30.0,1200.0,120.0,900.0,50.0,1000.0,900.0,200.0,120.0,423.5,1,0,2000,25
422,2023-03-08,27,25,False,90.0,1500.0,2000.0,90.0,1000.0,75.0,2000.0,100.0,900.0,500.0,385.5,1,0,2000,25
376,2023-03-09,46,200,False,30.0,75.0,600.0,1500.0,25.0,1200.0,50.0,500.0,1200.0,300.0,644.0,1,0,2000,25
247,2023-03-09,26,900,False,60.0,90.0,100.0,25.0,1500.0,25.0,90.0,100.0,120.0,600.0,1046.0,0,1,2000,25
359,2023-03-09,42,100,False,50.0,1500.0,500.0,1000.0,75.0,25.0,1000.0,30.0,50.0,200.0,594.0,0,1,2000,25
622,2023-03-10,34,150,False,75.0,100.0,30.0,100.0,1500.0,75.0,50.0,1000.0,30.0,120.0,697.5,0,1,2000,25
396,2023-03-10,30,25,False,30.0,500.0,1000.0,600.0,90.0,1000.0,100.0,25.0,200.0,30.0,682.0,1,0,2000,25
716,2023-03-11,57,500,True,75.0,1500.0,100.0,50.0,100.0,2000.0,500.0,1500.0,100.0,100.0,726.0,0,1,2000,25
129,2023-03-12,57,500,True,600.0,50.0,90.0,60.0,200.0,150.0,2000.0,30.0,100.0,50.0,395.5,1,0,2000,25
657,2023-03-12,59,25,True,25.0,90.0,75.0,75.0,150.0,30.0,1200.0,1500.0,90.0,75.0,393.0,0,1,2000,25
118,2023-03-13,60,150,False,2000.0,30.0,100.0,50.0,1500.0,2000.0,75.0,1200.0,50.0,500.0,306.0,1,0,2000,25
277,2023-03-13,37,100,False,100.0,1000.0,50.0,100.0,120.0,30.0,90.0,60.0,120.0,200.0,237.0,1,0,2000,25
116,2023-03-15,19,1000,False,1500.0,1500.0,900.0,600.0,30.0,500.0,90.0,150.0,100.0,50.0,211.0,0,1,2000,25
441,2023-03-17,60,100,False,30.0,1200.0,120.0,900.0,50.0,1000.0,900.0,200.0,120.0,25.0,531.5,1,0,2000,25
589,2023-03-17,36,900,False,60.0,50.0,900.0,2000.0,100.0,60.0,2000.0,500.0,200.0,100.0,1096.0,0,1,2000,25
606,2023-03-17,54,75,False,50.0,1000.0,30.0,120.0,1200.0,60.0,100.0,900.0,60.0,50.0,249.5,0,1,2000,25
435,2023-03-18,57,120,True,900.0,50.0,1000.0,900.0,200.0,120.0,25.0,90.0,1500.0,2000.0,583.5,1,0,2000,25
941,2023-03-18,51,1500,True,200.0,200.0,500.0,30.0,120.0,200.0,2000.0,30.0,300.0,100.0,469.0,0,1,2000,25
658,2023-03-19,39,30,True,500.0,100.0,600.0,120.0,90.0,100.0,300.0,120.0,200.0,1500.0,302.0,1,0,2000,25
940,2023-03-19,57,50,True,30.0,300.0,500.0,50.0,100.0,75.0,1200.0,75.0,50.0,90.0,379.0,1,0,2000,25
805,2023-03-20,35,900,False,1500.0,30.0,300.0,50.0,25.0,2000.0,900.0,200.0,500.0,300.0,420.5,1,0,2000,25
747,2023-03-20,25,150,False,30.0,100.0,25.0,300.0,25.0,100.0,100.0,30.0,1000.0,2000.0,383.5,0,1,2000,25
174,2023-03-20,31,100,False,300.0,900.0,50.0,150.0,1200.0,1500.0,150.0,100.0,600.0,100.0,560.0,1,0,2000,25
662,2023-03-20,23,1200,False,1000.0,25.0,25.0,90.0,75.0,75.0,150.0,30.0,1200.0,1500.0,509.0,0,1,2000,25
135,2023-03-20,44,600,False,50.0,50.0,900.0,200.0,500.0,100.0,2000.0,120.0,50.0,1000.0,182.0,0,1,2000,25
37,2023-03-21,38,200,False,900.0,90.0,1200.0,100.0,900.0,1500.0,120.0,1500.0,75.0,100.0,813.5,0,1,2000,25
458,2023-03-21,28,1200,False,60.0,100.0,200.0,2000.0,50.0,600.0,1200.0,600.0,75.0,200.0,94.0,0,1,2000,25
401,2023-03-21,41,600,False,300.0,60.0,600.0,25.0,30.0,500.0,1000.0,600.0,90.0,1000.0,337.5,1,0,2000,25
312,2023-03-21,55,1500,False,100.0,25.0,25.0,1200.0,50.0,30.0,60.0,200.0,1000.0,1200.0,852.5,1,0,2000,25
972,2023-03-22,60,50,False,100.0,2000.0,25.0,1000.0,200.0,900.0,60.0,200.0,60.0,50.0,438.0,0,1,2000,25
327,2023-03-22,39,100,False,150.0,500.0,500.0,25.0,90.0,60.0,120.0,120.0,50.0,90.0,611.5,0,1,2000,25
977,2023-03-22,53,150,False,75.0,600.0,200.0,200.0,900.0,900.0,50.0,60.0,120.0,900.0,482.5,1,0,2000,25
160,2023-03-22,64,1000,False,200.0,2000.0,2000.0,900.0,1000.0,2000.0,50.0,75.0,60.0,300.0,510.0,0,1,2000,25
382,2023-03-22,46,90,False,1000.0,100.0,25.0,200.0,30.0,75.0,600.0,1500.0,25.0,1200.0,423.5,1,0,2000,25
137,2023-03-23,49,200,False,1000.0,600.0,50.0,50.0,900.0,200.0,500.0,100.0,2000.0,120.0,177.0,0,1,2000,25
635,2023-03-23,21,1500,False,900.0,100.0,200.0,2000.0,900.0,75.0,1000.0,50.0,100.0,1200.0,289.0,1,0,2000,25
32,2023-03-23,50,100,False,900.0,30.0,500.0,50.0,1000.0,50.0,300.0,120.0,500.0,50.0,773.5,1,0,2000,25
470,2023-03-23,32,150,False,75.0,25.0,100.0,600.0,1200.0,50.0,1200.0,60.0,100.0,200.0,248.0,0,1,2000,25
425,2023-03-24,23,150,False,1200.0,900.0,2000.0,60.0,100.0,200.0,1000.0,600.0,200.0,1000.0,245.0,0,1,2000,25
176,2023-03-24,45,100,False,120.0,50.0,1500.0,300.0,2000.0,60.0,1000.0,200.0,2000.0,2000.0,449.0,0,1,2000,25
460,2023-03-25,18,1000,True,100.0,900.0,25.0,1000.0,1500.0,30.0,50.0,60.0,300.0,90.0,83.5,1,0,2000,25
75,2023-03-25,22,100,True,2000.0,2000.0,100.0,300.0,75.0,1200.0,30.0,30.0,900.0,1500.0,378.0,1,0,2000,25
763,2023-03-25,40,25,True,50.0,500.0,1200.0,1200.0,75.0,100.0,30.0,50.0,75.0,90.0,616.0,1,0,2000,25
90,2023-03-25,55,500,True,30.0,2000.0,100.0,90.0,200.0,60.0,1500.0,100.0,100.0,2000.0,487.0,1,0,2000,25
300,2023-03-26,30,120,True,1000.0,1200.0,90.0,1200.0,600.0,60.0,120.0,100.0,50.0,200.0,319.0,0,1,2000,25
702,2023-03-26,34,100,True,2000.0,500.0,1500.0,100.0,100.0,50.0,1000.0,1200.0,1500.0,150.0,466.5,0,1,2000,25
201,2023-03-26,34,1200,True,900.0,200.0,900.0,90.0,100.0,900.0,100.0,100.0,300.0,900.0,420.5,1,0,2000,25
759,2023-03-27,27,500,False,100.0,100.0,100.0,30.0,150.0,30.0,100.0,25.0,300.0,25.0,520.0,0,1,2000,25
293,2023-03-27,23,90,False,600.0,25.0,500.0,200.0,2000.0,1500.0,100.0,100.0,1000.0,50.0,470.5,1,0,2000,25
574,2023-03-28,60,100,False,60.0,2000.0,500.0,200.0,100.0,60.0,50.0,300.0,1200.0,900.0,623.0,0,1,2000,25
87,2023-03-29,56,500,False,90.0,150.0,100.0,50.0,300.0,200.0,90.0,300.0,2000.0,100.0,539.5,0,1,2000,25
974,2023-03-30,56,200,False,200.0,900.0,900.0,50.0,60.0,120.0,900.0,25.0,50.0,75.0,508.0,1,0,2000,25
552,2023-03-31,24,1200,False,900.0,900.0,2000.0,50.0,600.0,500.0,500.0,150.0,90.0,1000.0,378.0,0,1,2000,25
807,2023-04-01,33,2000,True,30.0,100.0,200.0,1200.0,100.0,50.0,75.0,120.0,300.0,30.0,311.0,0,1,2000,25
613,2023-04-01,39,1200,True,90.0,500.0,600.0,100.0,1500.0,200.0,90.0,300.0,1000.0,100.0,455.5,1,0,2000,25
461,2023-04-01,63,1200,True,50.0,1200.0,60.0,100.0,200.0,2000.0,50.0,600.0,1200.0,600.0,88.5,0,1,2000,25
501,2023-04-02,43,150,True,60.0,60.0,120.0,600.0,60.0,50.0,100.0,150.0,30.0,2000.0,260.0,0,1,2000,25
464,2023-04-02,43,150,True,1500.0,1000.0,100.0,900.0,25.0,1000.0,1500.0,30.0,50.0,60.0,130.5,1,0,2000,25
165,2023-04-02,34,2000,True,60.0,1000.0,200.0,2000.0,2000.0,900.0,1000.0,2000.0,50.0,75.0,427.5,0,1,2000,25
904,2023-04-02,58,300,True,500.0,30.0,60.0,600.0,30.0,50.0,50.0,900.0,50.0,100.0,490.5,0,1,2000,25
279,2023-04-04,37,1500,False,100.0,100.0,1000.0,50.0,100.0,120.0,30.0,90.0,60.0,120.0,224.5,1,0,2000,25
833,2023-04-04,56,60,False,150.0,1200.0,300.0,25.0,100.0,150.0,100.0,75.0,500.0,100.0,384.5,1,0,2000,25
718,2023-04-04,42,60,False,75.0,1200.0,100.0,500.0,50.0,1500.0,1000.0,900.0,500.0,90.0,623.5,1,0,2000,25
890,2023-04-05,41,900,False,50.0,100.0,900.0,500.0,300.0,1000.0,30.0,120.0,30.0,60.0,217.0,0,1,2000,25
927,2023-04-05,35,1200,False,75.0,50.0,90.0,200.0,50.0,90.0,500.0,150.0,25.0,50.0,350.0,1,0,2000,25
331,2023-04-06,58,1200,False,90.0,100.0,150.0,500.0,500.0,25.0,90.0,60.0,120.0,120.0,692.5,0,1,2000,25
254,2023-04-08,48,30,True,500.0,300.0,50.0,50.0,900.0,60.0,90.0,100.0,25.0,1500.0,778.5,0,1,2000,25
274,2023-04-08,43,1000,True,300.0,2000.0,900.0,900.0,60.0,50.0,60.0,2000.0,1000.0,30.0,126.0,0,1,2000,25
313,2023-04-08,52,120,True,120.0,50.0,90.0,600.0,120.0,1000.0,1200.0,90.0,1200.0,600.0,859.0,0,1,2000,25
846,2023-04-08,18,1200,True,600.0,1200.0,50.0,60.0,150.0,1200.0,300.0,25.0,100.0,150.0,550.0,1,0,2000,25
60,2023-04-09,21,200,True,150.0,50.0,1200.0,120.0,100.0,75.0,900.0,900.0,50.0,50.0,458.5,0,1,2000,25
885,2023-04-09,37,900,True,500.0,300.0,1000.0,30.0,120.0,30.0,60.0,1500.0,500.0,50.0,389.5,0,1,2000,25
547,2023-04-09,51,60,True,200.0,25.0,50.0,900.0,500.0,120.0,120.0,120.0,150.0,60.0,349.0,1,0,2000,25
891,2023-04-09,20,50,True,900.0,50.0,100.0,900.0,500.0,300.0,1000.0,30.0,120.0,30.0,220.0,0,1,2000,25
273,2023-04-09,23,1000,True,50.0,100.0,120.0,30.0,90.0,60.0,120.0,200.0,50.0,2000.0,117.0,1,0,2000,25
485,2023-04-09,35,25,True,1200.0,1200.0,1200.0,2000.0,60.0,2000.0,1500.0,900.0,1000.0,150.0,343.0,1,0,2000,25
600,2023-04-10,19,30,False,120.0,1200.0,60.0,100.0,900.0,60.0,50.0,900.0,2000.0,100.0,322.5,0,1,2000,25
900,2023-04-10,31,30,False,60.0,600.0,30.0,50.0,50.0,900.0,50.0,100.0,900.0,500.0,397.5,0,1,2000,25
526,2023-04-11,57,50,False,100.0,1200.0,1500.0,100.0,100.0,100.0,600.0,1500.0,50.0,2000.0,648.5,0,1,2000,25
773,2023-04-12,40,50,False,120.0,75.0,25.0,50.0,500.0,1200.0,1200.0,75.0,100.0,30.0,559.0,1,0,2000,25
588,2023-04-12,36,1000,False,1200.0,25.0,200.0,100.0,60.0,1500.0,30.0,120.0,150.0,50.0,1146.0,1,0,2000,25
999,2023-04-12,47,120,False,90.0,50.0,500.0,30.0,50.0,100.0,2000.0,25.0,1000.0,200.0,396.5,0,1,2000,25
173,2023-04-12,39,300,False,900.0,50.0,150.0,1200.0,1500.0,150.0,100.0,600.0,100.0,120.0,565.0,1,0,2000,25
209,2023-04-13,37,200,False,25.0,25.0,1000.0,25.0,150.0,1500.0,30.0,200.0,1500.0,100.0,666.0,0,1,2000,25
744,2023-04-13,54,100,False,25.0,300.0,25.0,100.0,100.0,30.0,1000.0,2000.0,1200.0,150.0,185.5,0,1,2000,25
477,2023-04-13,58,60,False,2000.0,1500.0,900.0,1000.0,150.0,150.0,1500.0,1000.0,100.0,900.0,358.0,1,0,2000,25
353,2023-04-15,49,200,True,90.0,50.0,600.0,30.0,2000.0,1200.0,50.0,150.0,120.0,1200.0,600.0,1,0,2000,25
407,2023-04-15,64,500,True,900.0,100.0,1200.0,600.0,300.0,60.0,600.0,25.0,30.0,500.0,232.0,1,0,2000,25
673,2023-04-16,38,300,True,1500.0,100.0,150.0,500.0,2000.0,100.0,1000.0,30.0,500.0,100.0,171.5,1,0,2000,25
966,2023-04-17,62,25,False,1000.0,200.0,900.0,60.0,200.0,60.0,50.0,1500.0,25.0,90.0,289.5,0,1,2000,25
449,2023-04-18,59,50,False,60.0,300.0,90.0,100.0,30.0,1200.0,120.0,900.0,50.0,1000.0,306.0,1,0,2000,25
78,2023-04-18,34,300,False,200.0,90.0,300.0,2000.0,100.0,50.0,100.0,200.0,150.0,50.0,235.0,0,1,2000,25
561,2023-04-18,54,50,False,300.0,1200.0,900.0,900.0,2000.0,50.0,600.0,500.0,500.0,150.0,820.0,0,1,2000,25
405,2023-04-18,22,100,False,1200.0,600.0,300.0,60.0,600.0,25.0,30.0,500.0,1000.0,600.0,322.0,1,0,2000,25
835,2023-04-19,22,50,False,60.0,150.0,1200.0,300.0,25.0,100.0,150.0,100.0,75.0,500.0,533.0,1,0,2000,25
968,2023-04-19,40,900,False,900.0,50.0,60.0,120.0,900.0,25.0,50.0,75.0,1200.0,50.0,389.5,1,0,2000,25
110,2023-04-19,34,1500,False,2000.0,75.0,1200.0,50.0,500.0,1000.0,25.0,50.0,1200.0,100.0,99.0,1,0,2000,25
206,2023-04-19,42,50,False,25.0,1200.0,900.0,200.0,900.0,90.0,100.0,900.0,100.0,100.0,431.5,1,0,2000,25
107,2023-04-19,27,75,False,1200.0,50.0,500.0,1000.0,25.0,50.0,1200.0,100.0,1000.0,600.0,309.0,1,0,2000,25
723,2023-04-19,61,150,False,900.0,500.0,75.0,1500.0,100.0,50.0,100.0,2000.0,500.0,1500.0,640.0,0,1,2000,25
245,2023-04-20,48,50,False,900.0,75.0,300.0,500.0,1000.0,25.0,1000.0,50.0,600.0,25.0,836.0,1,0,2000,25
571,2023-04-20,31,2000,False,500.0,200.0,100.0,60.0,50.0,300.0,1200.0,900.0,900.0,2000.0,560.0,0,1,2000,25
664,2023-04-20,57,50,False,1200.0,1000.0,25.0,25.0,90.0,75.0,75.0,150.0,30.0,1200.0,501.0,0,1,2000,25
297,2023-04-20,27,1200,False,90.0,1200.0,600.0,60.0,120.0,100.0,50.0,200.0,500.0,100.0,371.0,0,1,2000,25
373,2023-04-20,59,75,False,600.0,1500.0,25.0,1200.0,50.0,500.0,1200.0,300.0,75.0,500.0,512.0,1,0,2000,25
38,2023-04-21,23,120,False,200.0,900.0,90.0,1200.0,100.0,900.0,1500.0,120.0,1500.0,75.0,673.5,0,1,2000,25
892,2023-04-21,49,50,False,50.0,900.0,50.0,100.0,900.0,500.0,300.0,1000.0,30.0,120.0,212.5,0,1,2000,25
315,2023-04-22,48,50,True,1500.0,100.0,25.0,25.0,1200.0,50.0,30.0,60.0,200.0,1000.0,809.0,1,0,2000,25
754,2023-04-22,58,75,True,100.0,30.0,50.0,75.0,90.0,2000.0,2000.0,200.0,50.0,2000.0,323.0,1,0,2000,25
128,2023-04-23,21,600,True,50.0,90.0,60.0,200.0,150.0,2000.0,30.0,100.0,50.0,1500.0,439.5,1,0,2000,25
97,2023-04-23,55,100,True,1000.0,600.0,60.0,1000.0,2000.0,120.0,500.0,30.0,2000.0,100.0,359.0,1,0,2000,25
229,2023-04-23,54,25,True,90.0,100.0,120.0,600.0,500.0,90.0,100.0,1500.0,60.0,1500.0,385.0,0,1,2000,25
27,2023-04-23,43,500,True,50.0,1000.0,50.0,300.0,120.0,500.0,50.0,50.0,100.0,2000.0,540.5,1,0,2000,25
612,2023-04-23,52,90,True,500.0,600.0,100.0,1500.0,200.0,90.0,300.0,1000.0,100.0,300.0,455.5,1,0,2000,25
692,2023-04-23,41,1500,True,100.0,100.0,50.0,1000.0,1200.0,1500.0,150.0,30.0,1200.0,150.0,360.0,0,1,2000,25
690,2023-04-23,51,90,True,900.0,300.0,200.0,1000.0,60.0,900.0,90.0,900.0,1500.0,60.0,430.5,1,0,2000,25
476,2023-04-24,43,120,False,75.0,50.0,150.0,75.0,25.0,100.0,600.0,1200.0,50.0,1200.0,243.0,0,1,2000,25
862,2023-04-24,30,50,False,90.0,1500.0,300.0,1000.0,75.0,1200.0,600.0,1200.0,50.0,60.0,670.5,1,0,2000,25
737,2023-04-25,41,100,False,100.0,30.0,1000.0,2000.0,1200.0,150.0,900.0,1200.0,300.0,150.0,361.0,0,1,2000,25
482,2023-04-25,55,30,False,1200.0,120.0,75.0,50.0,150.0,75.0,25.0,100.0,600.0,1200.0,325.0,0,1,2000,25
221,2023-04-26,51,120,False,600.0,500.0,90.0,100.0,1500.0,60.0,1500.0,1500.0,1500.0,200.0,597.5,0,1,2000,25
952,2023-04-26,45,90,False,100.0,900.0,300.0,2000.0,25.0,50.0,1500.0,200.0,200.0,500.0,324.0,0,1,2000,25
587,2023-04-26,38,60,False,50.0,900.0,2000.0,100.0,60.0,2000.0,500.0,200.0,100.0,60.0,1121.0,0,1,2000,25
902,2023-04-27,51,200,False,50.0,90.0,100.0,50.0,120.0,50.0,100.0,120.0,60.0,50.0,390.5,1,0,2000,25
65,2023-04-27,45,30,False,30.0,900.0,1500.0,300.0,75.0,1000.0,1500.0,1200.0,30.0,25.0,645.0,1,0,2000,25
481,2023-04-27,28,1200,False,1200.0,2000.0,60.0,2000.0,1500.0,900.0,1000.0,150.0,150.0,1500.0,318.0,1,0,2000,25
101,2023-04-28,47,50,False,1200.0,100.0,1000.0,600.0,60.0,1000.0,2000.0,120.0,500.0,30.0,451.5,1,0,2000,25
227,2023-04-28,59,60,False,50.0,100.0,50.0,25.0,90.0,200.0,200.0,200.0,50.0,25.0,459.0,1,0,2000,25
235,2023-04-28,54,25,False,1000.0,50.0,600.0,25.0,150.0,60.0,50.0,100.0,50.0,25.0,405.5,1,0,2000,25
986,2023-04-29,30,900,True,1000.0,50.0,300.0,90.0,60.0,75.0,25.0,150.0,75.0,600.0,522.5,1,0,2000,25
659,2023-04-29,38,1000,True,30.0,500.0,100.0,600.0,120.0,90.0,100.0,300.0,120.0,200.0,412.0,1,0,2000,25
883,2023-04-29,26,60,True,50.0,30.0,25.0,2000.0,100.0,75.0,120.0,300.0,300.0,500.0,359.5,1,0,2000,25
68,2023-04-30,56,75,True,1200.0,30.0,30.0,900.0,1500.0,300.0,75.0,1000.0,1500.0,1200.0,750.5,1,0,2000,25
994,2023-04-30,41,30,True,1000.0,150.0,60.0,100.0,1000.0,25.0,75.0,900.0,1000.0,50.0,459.5,1,0,2000,25
651,2023-05-01,34,100,False,600.0,120.0,90.0,100.0,300.0,120.0,200.0,1500.0,900.0,100.0,601.0,1,0,2000,25
336,2023-05-01,38,500,False,900.0,1200.0,90.0,100.0,150.0,500.0,500.0,25.0,90.0,60.0,363.0,0,1,2000,25
584,2023-05-01,24,25,False,200.0,100.0,60.0,1500.0,30.0,120.0,150.0,50.0,50.0,300.0,858.5,1,0,2000,25
292,2023-05-02,50,90,False,1200.0,600.0,60.0,120.0,100.0,50.0,200.0,500.0,100.0,1000.0,455.5,0,1,2000,25
241,2023-05-02,21,25,False,1500.0,25.0,90.0,100.0,120.0,600.0,500.0,90.0,100.0,1500.0,732.5,0,1,2000,25
459,2023-05-02,40,50,False,1200.0,60.0,100.0,200.0,2000.0,50.0,600.0,1200.0,600.0,75.0,93.0,0,1,2000,25
645,2023-05-03,38,90,False,75.0,500.0,600.0,2000.0,120.0,90.0,100.0,50.0,50.0,300.0,580.0,0,1,2000,25
187,2023-05-03,40,75,False,200.0,25.0,200.0,120.0,1200.0,900.0,300.0,60.0,100.0,120.0,552.5,0,1,2000,25
356,2023-05-03,40,75,False,500.0,200.0,90.0,50.0,600.0,30.0,2000.0,1200.0,50.0,150.0,651.0,1,0,2000,25
973,2023-05-03,47,30,False,50.0,100.0,2000.0,25.0,1000.0,200.0,900.0,60.0,200.0,60.0,368.0,0,1,2000,25
748,2023-05-03,42,30,False,150.0,30.0,100.0,25.0,300.0,25.0,100.0,100.0,30.0,1000.0,378.5,0,1,2000,25
189,2023-05-04,60,90,False,100.0,900.0,100.0,100.0,300.0,900.0,50.0,150.0,1200.0,1500.0,538.0,1,0,2000,25
848,2023-05-04,32,50,False,50.0,500.0,150.0,1500.0,100.0,50.0,600.0,90.0,200.0,200.0,602.5,0,1,2000,25
852,2023-05-04,21,1000,False,50.0,50.0,50.0,500.0,150.0,1500.0,100.0,50.0,600.0,90.0,567.5,0,1,2000,25
823,2023-05-05,63,120,False,300.0,200.0,500.0,200.0,1000.0,150.0,75.0,50.0,100.0,2000.0,622.0,0,1,2000,25
605,2023-05-05,22,50,False,1000.0,30.0,120.0,1200.0,60.0,100.0,900.0,60.0,50.0,900.0,349.5,0,1,2000,25
778,2023-05-05,56,1000,False,100.0,100.0,50.0,120.0,75.0,25.0,50.0,500.0,1200.0,1200.0,669.0,1,0,2000,25
251,2023-05-05,54,300,False,50.0,50.0,900.0,60.0,90.0,100.0,25.0,1500.0,25.0,90.0,1098.5,0,1,2000,25
865,2023-05-05,24,50,False,1200.0,200.0,100.0,50.0,120.0,25.0,50.0,1000.0,50.0,50.0,488.0,0,1,2000,25
819,2023-05-06,49,200,True,500.0,200.0,1000.0,150.0,75.0,50.0,100.0,2000.0,30.0,100.0,512.5,0,1,2000,25
592,2023-05-06,35,60,True,100.0,900.0,60.0,50.0,900.0,2000.0,100.0,60.0,2000.0,500.0,733.0,0,1,2000,25
379,2023-05-06,56,600,True,300.0,50.0,60.0,1500.0,100.0,300.0,25.0,25.0,100.0,50.0,688.5,0,1,2000,25
89,2023-05-06,51,30,True,2000.0,100.0,90.0,200.0,60.0,1500.0,100.0,100.0,2000.0,2000.0,404.5,1,0,2000,25
119,2023-05-07,60,50,True,1000.0,1500.0,1500.0,900.0,600.0,30.0,500.0,90.0,150.0,100.0,346.0,0,1,2000,25
220,2023-05-07,39,600,True,500.0,90.0,100.0,1500.0,60.0,1500.0,1500.0,1500.0,200.0,25.0,692.5,0,1,2000,25
340,2023-05-07,31,200,True,100.0,500.0,900.0,1200.0,90.0,100.0,150.0,500.0,500.0,25.0,216.0,0,1,2000,25
639,2023-05-07,51,120,True,200.0,1500.0,900.0,100.0,200.0,2000.0,900.0,75.0,1000.0,50.0,308.0,1,0,2000,25
743,2023-05-07,40,25,True,300.0,25.0,100.0,100.0,30.0,1000.0,2000.0,1200.0,150.0,900.0,242.5,0,1,2000,25
468,2023-05-08,18,75,False,25.0,100.0,600.0,1200.0,50.0,1200.0,60.0,100.0,200.0,2000.0,128.0,0,1,2000,25
282,2023-05-08,18,500,False,200.0,2000.0,1500.0,100.0,100.0,1000.0,50.0,100.0,120.0,30.0,215.0,1,0,2000,25
272,2023-05-08,22,50,False,100.0,120.0,30.0,90.0,60.0,120.0,200.0,50.0,2000.0,200.0,115.0,1,0,2000,25
619,2023-05-08,63,75,False,100.0,30.0,100.0,1500.0,75.0,50.0,1000.0,30.0,120.0,1200.0,733.5,0,1,2000,25
451,2023-05-08,48,1500,False,30.0,50.0,60.0,300.0,90.0,100.0,30.0,1200.0,120.0,900.0,268.0,1,0,2000,25
945,2023-05-08,62,2000,False,25.0,50.0,1500.0,200.0,200.0,500.0,30.0,120.0,200.0,2000.0,454.0,0,1,2000,25
882,2023-05-09,40,500,False,300.0,1000.0,30.0,120.0,30.0,60.0,1500.0,500.0,50.0,1200.0,359.5,0,1,2000,25
413,2023-05-09,48,100,False,200.0,1000.0,600.0,200.0,1000.0,600.0,50.0,100.0,50.0,25.0,537.5,0,1,2000,25
147,2023-05-09,18,60,False,300.0,200.0,1200.0,30.0,2000.0,200.0,1000.0,600.0,50.0,50.0,801.5,0,1,2000,25
929,2023-05-10,54,200,False,2000.0,30.0,300.0,100.0,900.0,50.0,75.0,90.0,150.0,900.0,349.5,0,1,2000,25
730,2023-05-10,54,2000,False,1200.0,150.0,900.0,1200.0,300.0,150.0,900.0,500.0,75.0,1500.0,508.5,0,1,2000,25
757,2023-05-12,64,100,False,100.0,30.0,150.0,30.0,100.0,25.0,300.0,25.0,100.0,100.0,325.0,0,1,2000,25
638,2023-05-13,62,200,True,1500.0,900.0,100.0,200.0,2000.0,900.0,75.0,1000.0,50.0,100.0,210.5,1,0,2000,25
837,2023-05-13,47,600,True,90.0,200.0,200.0,2000.0,100.0,90.0,900.0,120.0,300.0,200.0,748.0,0,1,2000,25
500,2023-05-14,39,60,True,60.0,120.0,600.0,60.0,50.0,100.0,150.0,30.0,2000.0,30.0,272.5,0,1,2000,25
720,2023-05-14,52,500,True,1500.0,60.0,75.0,1200.0,100.0,500.0,50.0,1500.0,1000.0,900.0,588.5,1,0,2000,25
352,2023-05-14,31,500,True,1000.0,75.0,25.0,1000.0,30.0,50.0,200.0,100.0,500.0,900.0,710.0,0,1,2000,25
122,2023-05-15,40,60,False,200.0,150.0,2000.0,30.0,100.0,50.0,1500.0,2000.0,75.0,1200.0,447.5,1,0,2000,25
424,2023-05-15,55,120,False,25.0,90.0,1500.0,2000.0,90.0,1000.0,75.0,2000.0,100.0,900.0,365.0,1,0,2000,25
163,2023-05-15,47,1500,False,150.0,100.0,600.0,100.0,120.0,75.0,1500.0,50.0,50.0,600.0,410.0,1,0,2000,25
397,2023-05-16,48,600,False,25.0,30.0,500.0,1000.0,600.0,90.0,1000.0,100.0,25.0,200.0,532.0,1,0,2000,25
304,2023-05-16,18,30,False,60.0,200.0,1000.0,1200.0,900.0,90.0,600.0,25.0,500.0,200.0,343.5,1,0,2000,25
357,2023-05-16,32,300,False,75.0,500.0,200.0,90.0,50.0,600.0,30.0,2000.0,1200.0,50.0,531.0,1,0,2000,25
47,2023-05-16,54,900,False,900.0,50.0,50.0,120.0,200.0,900.0,90.0,1200.0,100.0,900.0,468.0,0,1,2000,25
375,2023-05-16,64,30,False,75.0,600.0,1500.0,25.0,1200.0,50.0,500.0,1200.0,300.0,75.0,530.0,1,0,2000,25
995,2023-05-16,62,50,False,500.0,30.0,50.0,100.0,2000.0,25.0,1000.0,200.0,900.0,60.0,456.5,0,1,2000,25
117,2023-05-16,30,2000,False,30.0,100.0,50.0,1500.0,2000.0,75.0,1200.0,50.0,500.0,1000.0,211.0,1,0,2000,25
969,2023-05-16,59,2000,False,25.0,1000.0,200.0,900.0,60.0,200.0,60.0,50.0,1500.0,25.0,386.5,0,1,2000,25
202,2023-05-16,56,1000,False,25.0,150.0,1500.0,30.0,200.0,1500.0,100.0,25.0,50.0,75.0,380.5,0,1,2000,25
503,2023-05-16,38,150,False,100.0,100.0,200.0,900.0,900.0,25.0,1200.0,1200.0,1200.0,2000.0,360.0,1,0,2000,25
410,2023-05-16,62,200,False,1000.0,600.0,200.0,1000.0,600.0,50.0,100.0,50.0,25.0,30.0,527.0,0,1,2000,25
154,2023-05-17,31,2000,False,900.0,1000.0,2000.0,50.0,75.0,60.0,300.0,200.0,1200.0,30.0,469.0,0,1,2000,25
80,2023-05-17,40,50,False,300.0,200.0,90.0,300.0,2000.0,100.0,50.0,100.0,200.0,150.0,357.5,0,1,2000,25
469,2023-05-17,57,1000,False,150.0,150.0,1500.0,1000.0,100.0,900.0,25.0,1000.0,1500.0,30.0,243.0,1,0,2000,25
817,2023-05-18,30,500,False,200.0,1000.0,150.0,75.0,50.0,100.0,2000.0,30.0,100.0,200.0,388.5,0,1,2000,25
105,2023-05-18,46,50,False,500.0,1000.0,25.0,50.0,1200.0,100.0,1000.0,600.0,60.0,1000.0,396.5,1,0,2000,25
810,2023-05-19,61,50,False,100.0,2000.0,30.0,100.0,200.0,1200.0,100.0,50.0,75.0,120.0,243.0,0,1,2000,25
93,2023-05-19,47,1000,False,2000.0,120.0,500.0,30.0,2000.0,100.0,90.0,200.0,60.0,1500.0,455.0,1,0,2000,25
880,2023-05-19,22,300,False,1000.0,30.0,120.0,30.0,60.0,1500.0,500.0,50.0,1200.0,200.0,395.5,0,1,2000,25
693,2023-05-20,39,50,True,100.0,90.0,900.0,300.0,200.0,1000.0,60.0,900.0,90.0,900.0,367.5,1,0,2000,25
652,2023-05-20,54,75,True,150.0,30.0,1200.0,1500.0,90.0,75.0,500.0,600.0,2000.0,120.0,601.0,0,1,2000,25
402,2023-05-20,32,600,True,200.0,1000.0,600.0,50.0,100.0,50.0,25.0,30.0,1500.0,500.0,339.5,0,1,2000,25
910,2023-05-21,42,900,True,300.0,1200.0,300.0,500.0,30.0,60.0,600.0,30.0,50.0,50.0,349.5,0,1,2000,25
646,2023-05-21,59,1500,True,90.0,75.0,500.0,600.0,2000.0,120.0,90.0,100.0,50.0,50.0,750.0,0,1,2000,25
842,2023-05-22,21,1500,False,100.0,50.0,600.0,90.0,200.0,200.0,2000.0,100.0,90.0,900.0,613.0,0,1,2000,25
894,2023-05-22,55,120,False,50.0,100.0,120.0,60.0,50.0,30.0,25.0,2000.0,100.0,75.0,172.5,1,0,2000,25
418,2023-05-22,44,90,False,1000.0,75.0,2000.0,100.0,900.0,500.0,900.0,100.0,1200.0,600.0,600.5,1,0,2000,25
641,2023-05-22,54,100,False,300.0,120.0,200.0,1500.0,900.0,100.0,200.0,2000.0,900.0,75.0,495.0,1,0,2000,25
71,2023-05-23,20,2000,False,100.0,300.0,75.0,1200.0,30.0,30.0,900.0,1500.0,300.0,75.0,616.5,1,0,2000,25
242,2023-05-23,47,900,False,75.0,300.0,500.0,1000.0,25.0,1000.0,50.0,600.0,25.0,150.0,672.5,1,0,2000,25
821,2023-05-23,52,150,False,100.0,75.0,500.0,100.0,200.0,900.0,1500.0,30.0,300.0,50.0,620.5,1,0,2000,25
280,2023-05-23,29,2000,False,1500.0,100.0,100.0,1000.0,50.0,100.0,120.0,30.0,90.0,60.0,224.5,1,0,2000,25
30,2023-05-23,44,1200,False,100.0,900.0,1500.0,120.0,1500.0,75.0,100.0,600.0,100.0,50.0,656.0,0,1,2000,25
488,2023-05-23,44,30,False,2000.0,30.0,30.0,1200.0,120.0,75.0,50.0,150.0,75.0,25.0,340.5,0,1,2000,25
728,2023-05-23,29,1200,False,150.0,900.0,1200.0,300.0,150.0,900.0,500.0,75.0,1500.0,100.0,617.5,0,1,2000,25
36,2023-05-23,18,75,False,900.0,150.0,100.0,900.0,30.0,500.0,50.0,1000.0,50.0,300.0,643.5,1,0,2000,25
490,2023-05-23,60,900,False,900.0,25.0,1200.0,1200.0,1200.0,2000.0,60.0,2000.0,1500.0,900.0,400.5,1,0,2000,25
839,2023-05-24,62,50,False,600.0,90.0,200.0,200.0,2000.0,100.0,90.0,900.0,120.0,300.0,543.0,0,1,2000,25
989,2023-05-25,58,1000,False,25.0,75.0,900.0,1000.0,50.0,300.0,90.0,60.0,75.0,25.0,318.5,1,0,2000,25
403,2023-05-25,46,1000,False,600.0,200.0,1000.0,600.0,50.0,100.0,50.0,25.0,30.0,1500.0,339.5,0,1,2000,25
898,2023-05-25,26,600,False,30.0,50.0,50.0,900.0,50.0,100.0,900.0,500.0,300.0,1000.0,220.5,0,1,2000,25
922,2023-05-26,32,900,False,50.0,75.0,90.0,150.0,900.0,300.0,1200.0,300.0,500.0,30.0,539.0,0,1,2000,25
381,2023-05-26,53,1000,False,100.0,25.0,200.0,30.0,75.0,600.0,1500.0,25.0,1200.0,50.0,568.5,1,0,2000,25
577,2023-05-26,54,120,False,150.0,50.0,50.0,300.0,900.0,30.0,60.0,2000.0,50.0,1200.0,566.5,1,0,2000,25
560,2023-05-27,64,2000,True,50.0,1200.0,25.0,90.0,50.0,150.0,75.0,100.0,60.0,200.0,629.0,1,0,2000,25
650,2023-05-27,51,150,True,30.0,1200.0,1500.0,90.0,75.0,500.0,600.0,2000.0,120.0,90.0,587.0,0,1,2000,25
306,2023-05-27,26,50,True,30.0,60.0,200.0,1000.0,1200.0,900.0,90.0,600.0,25.0,500.0,623.5,1,0,2000,25
987,2023-05-28,63,75,True,900.0,1000.0,50.0,300.0,90.0,60.0,75.0,25.0,150.0,75.0,328.5,1,0,2000,25
66,2023-05-29,48,1200,False,30.0,30.0,900.0,1500.0,300.0,75.0,1000.0,1500.0,1200.0,30.0,650.0,1,0,2000,25
984,2023-05-30,19,50,False,300.0,90.0,60.0,75.0,25.0,150.0,75.0,600.0,200.0,200.0,504.0,1,0,2000,25
914,2023-05-30,26,90,False,500.0,150.0,25.0,50.0,200.0,50.0,90.0,100.0,50.0,120.0,461.0,1,0,2000,25
158,2023-05-31,26,200,False,2000.0,2000.0,900.0,1000.0,2000.0,50.0,75.0,60.0,300.0,200.0,424.0,0,1,2000,25
55,2023-05-31,26,900,False,1500.0,300.0,75.0,1000.0,1500.0,1200.0,30.0,25.0,300.0,75.0,661.0,1,0,2000,25
861,2023-05-31,28,1200,False,200.0,100.0,50.0,120.0,25.0,50.0,1000.0,50.0,50.0,50.0,698.0,0,1,2000,25
544,2023-06-01,27,50,False,600.0,500.0,500.0,150.0,90.0,1000.0,1500.0,500.0,50.0,100.0,427.0,0,1,2000,25
901,2023-06-01,54,50,False,90.0,100.0,50.0,120.0,50.0,100.0,120.0,60.0,50.0,30.0,390.5,1,0,2000,25
314,2023-06-01,47,60,False,120.0,120.0,50.0,90.0,600.0,120.0,1000.0,1200.0,90.0,1200.0,759.0,0,1,2000,25
957,2023-06-02,62,50,False,1500.0,25.0,90.0,100.0,900.0,300.0,2000.0,25.0,50.0,1500.0,312.0,0,1,2000,25
169,2023-06-02,25,50,False,150.0,1200.0,1500.0,150.0,100.0,600.0,100.0,120.0,75.0,1500.0,299.5,1,0,2000,25
684,2023-06-02,57,50,False,1000.0,1200.0,1500.0,150.0,30.0,1200.0,150.0,50.0,1200.0,1000.0,408.0,0,1,2000,25
362,2023-06-03,64,25,True,25.0,100.0,50.0,1500.0,500.0,1000.0,75.0,25.0,1000.0,30.0,375.0,0,1,2000,25
536,2023-06-03,21,500,True,120.0,120.0,120.0,150.0,60.0,50.0,300.0,120.0,100.0,120.0,371.5,1,0,2000,25
393,2023-06-03,27,500,True,1000.0,600.0,90.0,1000.0,100.0,25.0,200.0,30.0,75.0,600.0,659.5,1,0,2000,25
386,2023-06-04,44,30,True,1500.0,500.0,600.0,300.0,50.0,60.0,1500.0,100.0,300.0,25.0,466.5,0,1,2000,25
555,2023-06-04,18,50,True,150.0,75.0,100.0,60.0,200.0,25.0,50.0,900.0,500.0,120.0,292.0,1,0,2000,25
781,2023-06-04,59,900,True,500.0,50.0,150.0,90.0,2000.0,30.0,50.0,50.0,75.0,900.0,700.0,0,1,2000,25
905,2023-06-04,20,50,True,200.0,50.0,90.0,100.0,50.0,120.0,50.0,100.0,120.0,60.0,390.5,1,0,2000,25
943,2023-06-05,44,50,False,1500.0,200.0,200.0,500.0,30.0,120.0,200.0,2000.0,30.0,300.0,409.0,0,1,2000,25
559,2023-06-05,25,50,False,1200.0,25.0,90.0,50.0,150.0,75.0,100.0,60.0,200.0,25.0,632.0,1,0,2000,25
960,2023-06-06,53,200,False,60.0,50.0,1500.0,25.0,90.0,100.0,900.0,300.0,2000.0,25.0,413.0,0,1,2000,25
866,2023-06-06,21,500,False,50.0,1200.0,200.0,100.0,50.0,120.0,25.0,50.0,1000.0,50.0,371.0,0,1,2000,25
480,2023-06-06,43,1200,False,2000.0,60.0,2000.0,1500.0,900.0,1000.0,150.0,150.0,1500.0,1000.0,238.0,1,0,2000,25
881,2023-06-06,64,50,False,30.0,25.0,2000.0,100.0,75.0,120.0,300.0,300.0,500.0,50.0,394.5,1,0,2000,25
445,2023-06-07,21,50,False,600.0,1200.0,600.0,75.0,200.0,1200.0,50.0,25.0,150.0,1200.0,503.5,0,1,2000,25
186,2023-06-07,64,100,False,900.0,100.0,100.0,300.0,900.0,50.0,150.0,1200.0,1500.0,150.0,595.0,1,0,2000,25
538,2023-06-08,25,500,False,150.0,90.0,1000.0,1500.0,500.0,50.0,100.0,1200.0,1500.0,100.0,359.5,0,1,2000,25
586,2023-06-08,40,1200,False,25.0,200.0,100.0,60.0,1500.0,30.0,120.0,150.0,50.0,50.0,928.5,1,0,2000,25
768,2023-06-09,31,120,False,75.0,25.0,50.0,500.0,1200.0,1200.0,75.0,100.0,30.0,50.0,575.0,1,0,2000,25
764,2023-06-09,43,200,False,50.0,500.0,100.0,100.0,100.0,30.0,150.0,30.0,100.0,25.0,730.0,0,1,2000,25
211,2023-06-09,21,1500,False,1500.0,200.0,25.0,25.0,1000.0,25.0,150.0,1500.0,30.0,200.0,737.5,0,1,2000,25
509,2023-06-10,39,200,True,900.0,1500.0,150.0,100.0,100.0,200.0,900.0,900.0,25.0,1200.0,269.0,1,0,2000,25
355,2023-06-10,50,1500,True,500.0,1000.0,75.0,25.0,1000.0,30.0,50.0,200.0,100.0,500.0,641.0,0,1,2000,25
320,2023-06-10,26,50,True,1200.0,50.0,1500.0,100.0,25.0,25.0,1200.0,50.0,30.0,60.0,558.0,1,0,2000,25
533,2023-06-10,45,1000,True,1500.0,500.0,50.0,100.0,1200.0,1500.0,100.0,100.0,100.0,600.0,448.5,0,1,2000,25
351,2023-06-11,57,1000,True,75.0,25.0,1000.0,30.0,50.0,200.0,100.0,500.0,900.0,1200.0,711.0,0,1,2000,25
364,2023-06-11,31,300,True,25.0,25.0,100.0,50.0,1500.0,500.0,1000.0,75.0,25.0,1000.0,329.0,0,1,2000,25
109,2023-06-11,27,900,True,600.0,30.0,500.0,90.0,150.0,100.0,50.0,300.0,200.0,90.0,214.0,0,1,2000,25
886,2023-06-11,59,100,True,900.0,500.0,300.0,1000.0,30.0,120.0,30.0,60.0,1500.0,500.0,392.0,0,1,2000,25
103,2023-06-11,34,1000,True,25.0,50.0,1200.0,100.0,1000.0,600.0,60.0,1000.0,2000.0,120.0,456.5,1,0,2000,25
628,2023-06-12,62,50,False,50.0,300.0,150.0,75.0,100.0,30.0,100.0,1500.0,75.0,50.0,462.5,0,1,2000,25
654,2023-06-13,55,500,False,100.0,600.0,120.0,90.0,100.0,300.0,120.0,200.0,1500.0,900.0,527.0,1,0,2000,25
566,2023-06-14,25,900,False,30.0,60.0,2000.0,50.0,1200.0,25.0,90.0,50.0,150.0,75.0,642.0,1,0,2000,25
181,2023-06-15,62,120,False,1200.0,900.0,300.0,60.0,100.0,120.0,50.0,1500.0,300.0,2000.0,354.5,0,1,2000,25
818,2023-06-15,35,100,False,75.0,500.0,100.0,200.0,900.0,1500.0,30.0,300.0,50.0,25.0,367.5,1,0,2000,25
832,2023-06-16,42,200,False,2000.0,100.0,90.0,900.0,120.0,300.0,200.0,500.0,200.0,1000.0,389.0,0,1,2000,25
99,2023-06-16,41,30,False,500.0,90.0,150.0,100.0,50.0,300.0,200.0,90.0,300.0,2000.0,449.0,0,1,2000,25
722,2023-06-17,54,200,True,500.0,1500.0,60.0,75.0,1200.0,100.0,500.0,50.0,1500.0,1000.0,586.0,1,0,2000,25
541,2023-06-17,20,50,True,900.0,500.0,120.0,120.0,120.0,150.0,60.0,50.0,300.0,120.0,294.5,1,0,2000,25
725,2023-06-17,47,1200,True,300.0,150.0,900.0,500.0,75.0,1500.0,100.0,50.0,100.0,2000.0,530.0,0,1,2000,25
487,2023-06-18,51,900,True,25.0,1200.0,1200.0,1200.0,2000.0,60.0,2000.0,1500.0,900.0,1000.0,328.0,1,0,2000,25
531,2023-06-19,64,120,False,120.0,150.0,60.0,50.0,300.0,120.0,100.0,120.0,30.0,100.0,451.0,1,0,2000,25
668,2023-06-19,24,1200,False,150.0,50.0,1200.0,1000.0,25.0,25.0,90.0,75.0,75.0,150.0,345.0,0,1,2000,25
876,2023-06-19,58,25,False,2000.0,100.0,75.0,120.0,300.0,300.0,500.0,50.0,90.0,1500.0,220.5,1,0,2000,25
238,2023-06-19,38,1500,False,25.0,90.0,100.0,120.0,600.0,500.0,90.0,100.0,1500.0,60.0,616.5,0,1,2000,25
497,2023-06-19,50,100,False,200.0,900.0,900.0,25.0,1200.0,1200.0,1200.0,2000.0,60.0,2000.0,162.5,1,0,2000,25
421,2023-06-20,28,90,False,1500.0,2000.0,90.0,1000.0,75.0,2000.0,100.0,900.0,500.0,900.0,375.5,1,0,2000,25
465,2023-06-20,63,100,False,600.0,1200.0,50.0,1200.0,60.0,100.0,200.0,2000.0,50.0,600.0,140.5,0,1,2000,25
582,2023-06-21,24,100,False,60.0,1500.0,30.0,120.0,150.0,50.0,50.0,300.0,900.0,30.0,778.5,1,0,2000,25
653,2023-06-21,42,75,False,75.0,150.0,30.0,1200.0,1500.0,90.0,75.0,500.0,600.0,2000.0,605.0,0,1,2000,25
726,2023-06-22,55,900,False,1200.0,300.0,150.0,900.0,500.0,75.0,1500.0,100.0,50.0,100.0,415.0,0,1,2000,25
829,2023-06-22,64,150,False,1200.0,300.0,25.0,100.0,150.0,100.0,75.0,500.0,100.0,200.0,387.0,1,0,2000,25
39,2023-06-22,45,50,False,120.0,200.0,900.0,90.0,1200.0,100.0,900.0,1500.0,120.0,1500.0,593.5,0,1,2000,25
698,2023-06-22,37,120,False,300.0,200.0,150.0,50.0,100.0,90.0,900.0,300.0,200.0,1000.0,306.0,1,0,2000,25
270,2023-06-23,62,120,False,30.0,90.0,60.0,120.0,200.0,50.0,2000.0,200.0,50.0,900.0,208.0,1,0,2000,25
223,2023-06-23,25,50,False,25.0,90.0,200.0,200.0,200.0,50.0,25.0,1200.0,900.0,200.0,490.5,1,0,2000,25
35,2023-06-24,52,900,True,90.0,1200.0,100.0,900.0,1500.0,120.0,1500.0,75.0,100.0,600.0,451.0,0,1,2000,25
156,2023-06-24,62,2000,True,2000.0,900.0,1000.0,2000.0,50.0,75.0,60.0,300.0,200.0,1200.0,419.0,0,1,2000,25
838,2023-06-24,20,1200,True,50.0,60.0,150.0,1200.0,300.0,25.0,100.0,150.0,100.0,75.0,653.0,1,0,2000,25
795,2023-06-24,43,120,True,300.0,30.0,25.0,25.0,100.0,900.0,500.0,50.0,150.0,90.0,623.0,0,1,2000,25
926,2023-06-24,43,2000,True,30.0,300.0,100.0,900.0,50.0,75.0,90.0,150.0,900.0,300.0,405.0,0,1,2000,25
406,2023-06-25,46,900,True,100.0,1200.0,600.0,300.0,60.0,600.0,25.0,30.0,500.0,1000.0,232.0,1,0,2000,25
873,2023-06-26,60,30,False,60.0,1500.0,500.0,50.0,1200.0,200.0,100.0,50.0,120.0,25.0,118.5,0,1,2000,25
45,2023-06-26,20,1200,False,30.0,25.0,300.0,75.0,900.0,150.0,100.0,900.0,30.0,500.0,815.0,1,0,2000,25
508,2023-06-26,37,900,False,1500.0,150.0,100.0,100.0,200.0,900.0,900.0,25.0,1200.0,1200.0,344.0,1,0,2000,25
787,2023-06-27,52,900,False,200.0,500.0,300.0,1000.0,100.0,100.0,50.0,120.0,75.0,25.0,537.0,1,0,2000,25
377,2023-06-28,50,300,False,50.0,60.0,1500.0,100.0,300.0,25.0,25.0,100.0,50.0,1500.0,591.5,0,1,2000,25
736,2023-06-29,33,50,False,2000.0,30.0,50.0,200.0,500.0,1500.0,60.0,75.0,1200.0,100.0,553.5,1,0,2000,25
479,2023-06-29,42,2000,False,60.0,2000.0,1500.0,900.0,1000.0,150.0,150.0,1500.0,1000.0,100.0,243.0,1,0,2000,25
491,2023-06-29,61,100,False,150.0,30.0,2000.0,30.0,30.0,1200.0,120.0,75.0,50.0,150.0,325.5,0,1,2000,25
877,2023-06-30,20,30,False,25.0,2000.0,100.0,75.0,120.0,300.0,300.0,500.0,50.0,90.0,210.5,1,0,2000,25
683,2023-06-30,28,1000,False,60.0,900.0,90.0,900.0,1500.0,60.0,300.0,1500.0,100.0,150.0,409.5,1,0,2000,25
836,2023-07-01,18,90,True,200.0,200.0,2000.0,100.0,90.0,900.0,120.0,300.0,200.0,500.0,650.5,0,1,2000,25
259,2023-07-01,28,60,True,2000.0,1000.0,30.0,500.0,300.0,50.0,50.0,900.0,60.0,90.0,497.5,0,1,2000,25
454,2023-07-01,31,100,True,200.0,2000.0,50.0,600.0,1200.0,600.0,75.0,200.0,1200.0,50.0,260.5,0,1,2000,25
77,2023-07-01,47,1500,True,100.0,100.0,2000.0,2000.0,100.0,300.0,75.0,1200.0,30.0,30.0,430.0,1,0,2000,25
44,2023-07-03,55,30,False,25.0,300.0,75.0,900.0,150.0,100.0,900.0,30.0,500.0,50.0,625.0,1,0,2000,25
448,2023-07-03,25,200,False,2000.0,50.0,600.0,1200.0,600.0,75.0,200.0,1200.0,50.0,25.0,350.0,0,1,2000,25
903,2023-07-04,28,500,False,30.0,60.0,600.0,30.0,50.0,50.0,900.0,50.0,100.0,900.0,400.5,0,1,2000,25
58,2023-07-05,62,50,False,1200.0,120.0,100.0,75.0,900.0,900.0,50.0,50.0,120.0,200.0,703.5,0,1,2000,25
185,2023-07-05,20,200,False,25.0,200.0,120.0,1200.0,900.0,300.0,60.0,100.0,120.0,50.0,555.0,0,1,2000,25
801,2023-07-05,46,30,False,300.0,50.0,25.0,2000.0,900.0,200.0,500.0,300.0,1000.0,100.0,359.5,1,0,2000,25
127,2023-07-05,25,500,False,100.0,2000.0,120.0,50.0,1000.0,1500.0,1500.0,900.0,600.0,30.0,527.5,0,1,2000,25
74,2023-07-06,61,200,False,90.0,300.0,2000.0,100.0,50.0,100.0,200.0,150.0,50.0,1200.0,333.0,0,1,2000,25
527,2023-07-06,36,60,False,50.0,300.0,120.0,100.0,120.0,30.0,100.0,900.0,300.0,25.0,658.5,1,0,2000,25
446,2023-07-06,22,2000,False,50.0,600.0,1200.0,600.0,75.0,200.0,1200.0,50.0,25.0,150.0,356.0,0,1,2000,25
758,2023-07-08,49,100,True,100.0,100.0,30.0,150.0,30.0,100.0,25.0,300.0,25.0,100.0,465.0,0,1,2000,25
869,2023-07-08,46,120,True,300.0,300.0,500.0,50.0,90.0,1500.0,300.0,1000.0,75.0,1200.0,96.0,1,0,2000,25
76,2023-07-09,47,100,True,100.0,2000.0,2000.0,100.0,300.0,75.0,1200.0,30.0,30.0,900.0,428.0,1,0,2000,25
791,2023-07-09,20,50,True,25.0,2000.0,900.0,200.0,500.0,300.0,1000.0,100.0,100.0,50.0,597.0,1,0,2000,25
380,2023-07-09,44,100,True,25.0,200.0,30.0,75.0,600.0,1500.0,25.0,1200.0,50.0,500.0,648.5,1,0,2000,25
438,2023-07-09,50,75,True,200.0,1200.0,50.0,25.0,150.0,1200.0,900.0,2000.0,60.0,100.0,606.5,0,1,2000,25
175,2023-07-11,43,100,False,100.0,300.0,900.0,50.0,150.0,1200.0,1500.0,150.0,100.0,600.0,549.0,1,0,2000,25
215,2023-07-11,62,100,False,1500.0,60.0,1500.0,1500.0,1500.0,200.0,25.0,25.0,1000.0,25.0,825.5,0,1,2000,25
771,2023-07-12,26,30,False,50.0,50.0,75.0,900.0,200.0,50.0,500.0,100.0,100.0,100.0,619.0,0,1,2000,25
52,2023-07-13,34,100,False,75.0,900.0,900.0,50.0,50.0,120.0,200.0,900.0,90.0,1200.0,650.0,0,1,2000,25
70,2023-07-14,51,100,False,300.0,75.0,1200.0,30.0,30.0,900.0,1500.0,300.0,75.0,1000.0,730.5,1,0,2000,25
680,2023-07-14,43,60,False,900.0,90.0,900.0,1500.0,60.0,300.0,1500.0,100.0,150.0,500.0,379.0,1,0,2000,25
550,2023-07-14,45,900,False,900.0,2000.0,50.0,600.0,500.0,500.0,150.0,90.0,1000.0,1500.0,334.0,0,1,2000,25
301,2023-07-14,57,600,False,120.0,1000.0,1200.0,90.0,1200.0,600.0,60.0,120.0,100.0,50.0,326.0,0,1,2000,25
92,2023-07-14,35,2000,False,120.0,500.0,30.0,2000.0,100.0,90.0,200.0,60.0,1500.0,100.0,505.0,1,0,2000,25
42,2023-07-14,48,300,False,75.0,900.0,150.0,100.0,900.0,30.0,500.0,50.0,1000.0,50.0,643.5,1,0,2000,25
828,2023-07-14,61,90,False,900.0,120.0,300.0,200.0,500.0,200.0,1000.0,150.0,75.0,50.0,417.0,0,1,2000,25
721,2023-07-14,20,900,False,500.0,75.0,1500.0,100.0,50.0,100.0,2000.0,500.0,1500.0,100.0,588.5,0,1,2000,25
727,2023-07-14,51,150,False,900.0,1200.0,300.0,150.0,900.0,500.0,75.0,1500.0,100.0,50.0,600.0,0,1,2000,25
954,2023-07-14,58,25,False,90.0,100.0,900.0,300.0,2000.0,25.0,50.0,1500.0,200.0,200.0,237.0,0,1,2000,25
473,2023-07-15,26,1500,True,900.0,1000.0,150.0,150.0,1500.0,1000.0,100.0,900.0,25.0,1000.0,239.0,1,0,2000,25
143,2023-07-15,59,1500,True,50.0,50.0,600.0,500.0,600.0,50.0,90.0,60.0,200.0,150.0,607.5,1,0,2000,25
602,2023-07-16,40,90,True,300.0,1000.0,100.0,300.0,2000.0,600.0,2000.0,1000.0,1200.0,25.0,313.0,1,0,2000,25
660,2023-07-16,44,100,True,1000.0,30.0,500.0,100.0,600.0,120.0,90.0,100.0,300.0,120.0,462.0,1,0,2000,25
142,2023-07-17,45,50,False,50.0,600.0,500.0,600.0,50.0,90.0,60.0,200.0,150.0,2000.0,557.5,1,0,2000,25
685,2023-07-19,28,200,False,1000.0,60.0,900.0,90.0,900.0,1500.0,60.0,300.0,1500.0,100.0,388.0,1,0,2000,25
303,2023-07-19,37,60,False,200.0,1000.0,1200.0,900.0,90.0,600.0,25.0,500.0,200.0,2000.0,228.5,1,0,2000,25
675,2023-07-19,63,1500,False,150.0,30.0,1200.0,150.0,50.0,1200.0,1000.0,25.0,25.0,90.0,283.5,0,1,2000,25
697,2023-07-19,64,300,False,200.0,150.0,50.0,100.0,90.0,900.0,300.0,200.0,1000.0,60.0,251.0,1,0,2000,25
708,2023-07-21,19,1000,False,900.0,500.0,90.0,600.0,60.0,120.0,300.0,200.0,150.0,50.0,405.5,1,0,2000,25
113,2023-07-22,22,100,True,50.0,1500.0,2000.0,75.0,1200.0,50.0,500.0,1000.0,25.0,50.0,95.0,1,0,2000,25
358,2023-07-22,50,50,True,1500.0,500.0,1000.0,75.0,25.0,1000.0,30.0,50.0,200.0,100.0,591.0,0,1,2000,25
772,2023-07-23,25,2000,True,30.0,50.0,50.0,75.0,900.0,200.0,50.0,500.0,100.0,100.0,659.0,0,1,2000,25
494,2023-07-24,24,60,False,50.0,100.0,150.0,30.0,2000.0,30.0,30.0,1200.0,120.0,75.0,318.5,0,1,2000,25
486,2023-07-24,44,2000,False,30.0,30.0,1200.0,120.0,75.0,50.0,150.0,75.0,25.0,100.0,428.0,0,1,2000,25
212,2023-07-24,27,1500,False,1500.0,1500.0,200.0,25.0,25.0,1000.0,25.0,150.0,1500.0,30.0,686.5,0,1,2000,25
604,2023-07-24,37,1000,False,30.0,120.0,1200.0,60.0,100.0,900.0,60.0,50.0,900.0,2000.0,289.5,0,1,2000,25
126,2023-07-24,33,50,False,90.0,60.0,200.0,150.0,2000.0,30.0,100.0,50.0,1500.0,2000.0,510.0,1,0,2000,25
298,2023-07-25,61,1000,False,1200.0,90.0,1200.0,600.0,60.0,120.0,100.0,50.0,200.0,500.0,369.0,0,1,2000,25
933,2023-07-25,30,500,False,30.0,120.0,200.0,2000.0,30.0,300.0,100.0,900.0,50.0,75.0,284.5,0,1,2000,25
104,2023-07-25,22,500,False,1000.0,25.0,50.0,1200.0,100.0,1000.0,600.0,60.0,1000.0,2000.0,386.5,1,0,2000,25
269,2023-07-26,43,300,False,2000.0,900.0,900.0,60.0,50.0,60.0,2000.0,1000.0,30.0,500.0,204.5,0,1,2000,25
337,2023-07-26,54,100,False,500.0,900.0,1200.0,90.0,100.0,150.0,500.0,500.0,25.0,90.0,403.0,0,1,2000,25
542,2023-07-26,49,600,False,500.0,500.0,150.0,90.0,1000.0,1500.0,500.0,50.0,100.0,1200.0,214.5,0,1,2000,25
556,2023-07-27,20,90,False,50.0,150.0,75.0,100.0,60.0,200.0,25.0,50.0,900.0,500.0,422.0,1,0,2000,25
863,2023-07-27,51,500,False,50.0,90.0,1500.0,300.0,1000.0,75.0,1200.0,600.0,1200.0,50.0,580.5,1,0,2000,25
701,2023-07-27,60,600,False,60.0,120.0,300.0,200.0,150.0,50.0,100.0,90.0,900.0,300.0,494.0,1,0,2000,25
667,2023-07-28,62,150,False,500.0,2000.0,100.0,1000.0,30.0,500.0,100.0,600.0,120.0,90.0,345.0,1,0,2000,25
849,2023-07-28,26,1000,False,75.0,1200.0,600.0,1200.0,50.0,60.0,150.0,1200.0,300.0,25.0,642.5,1,0,2000,25
456,2023-07-28,58,900,False,25.0,1000.0,1500.0,30.0,50.0,60.0,300.0,90.0,100.0,30.0,77.0,1,0,2000,25
253,2023-07-28,41,500,False,300.0,50.0,50.0,900.0,60.0,90.0,100.0,25.0,1500.0,25.0,968.5,0,1,2000,25
294,2023-07-28,27,900,False,90.0,600.0,25.0,500.0,200.0,2000.0,1500.0,100.0,100.0,1000.0,470.5,1,0,2000,25
979,2023-07-29,31,75,True,25.0,150.0,75.0,600.0,200.0,200.0,900.0,900.0,50.0,60.0,570.5,1,0,2000,25
540,2023-07-29,56,500,True,500.0,150.0,90.0,1000.0,1500.0,500.0,50.0,100.0,1200.0,1500.0,379.5,0,1,2000,25
466,2023-07-30,53,150,True,150.0,1500.0,1000.0,100.0,900.0,25.0,1000.0,1500.0,30.0,50.0,140.5,1,0,2000,25
261,2023-07-30,32,120,True,200.0,50.0,2000.0,200.0,50.0,900.0,75.0,300.0,500.0,1000.0,437.5,1,0,2000,25
462,2023-07-31,54,1500,False,1000.0,100.0,900.0,25.0,1000.0,1500.0,30.0,50.0,60.0,300.0,133.5,1,0,2000,25
597,2023-08-01,37,120,False,1200.0,60.0,100.0,900.0,60.0,50.0,900.0,2000.0,100.0,60.0,465.0,0,1,2000,25
671,2023-08-01,34,100,False,150.0,500.0,2000.0,100.0,1000.0,30.0,500.0,100.0,600.0,120.0,215.5,1,0,2000,25
666,2023-08-01,29,500,False,2000.0,100.0,1000.0,30.0,500.0,100.0,600.0,120.0,90.0,100.0,459.0,1,0,2000,25
948,2023-08-02,41,50,False,75.0,1200.0,50.0,30.0,300.0,500.0,50.0,100.0,75.0,1200.0,395.0,1,0,2000,25
686,2023-08-03,53,300,False,200.0,1000.0,60.0,900.0,90.0,900.0,1500.0,60.0,300.0,1500.0,348.0,1,0,2000,25
26,2023-08-03,38,50,False,1000.0,50.0,300.0,120.0,500.0,50.0,50.0,100.0,2000.0,200.0,525.5,1,0,2000,25
346,2023-08-03,42,25,False,1000.0,30.0,50.0,200.0,100.0,500.0,900.0,1200.0,90.0,100.0,508.0,0,1,2000,25
729,2023-08-04,36,50,False,200.0,500.0,1500.0,60.0,75.0,1200.0,100.0,500.0,50.0,1500.0,622.5,1,0,2000,25
797,2023-08-04,61,50,False,75.0,120.0,300.0,30.0,25.0,25.0,100.0,900.0,500.0,50.0,549.0,0,1,2000,25
674,2023-08-04,45,60,False,300.0,1500.0,100.0,150.0,500.0,2000.0,100.0,1000.0,30.0,500.0,175.5,1,0,2000,25
548,2023-08-04,50,100,False,60.0,200.0,25.0,50.0,900.0,500.0,120.0,120.0,120.0,150.0,339.0,1,0,2000,25
205,2023-08-05,61,25,True,25.0,1000.0,25.0,150.0,1500.0,30.0,200.0,1500.0,100.0,25.0,431.5,0,1,2000,25
34,2023-08-05,58,900,True,150.0,100.0,900.0,30.0,500.0,50.0,1000.0,50.0,300.0,120.0,541.0,1,0,2000,25
278,2023-08-05,50,500,True,100.0,1000.0,300.0,2000.0,900.0,900.0,60.0,50.0,60.0,2000.0,209.5,0,1,2000,25
139,2023-08-05,38,30,True,2000.0,200.0,1000.0,600.0,50.0,50.0,900.0,200.0,500.0,100.0,509.0,0,1,2000,25
260,2023-08-05,21,50,True,60.0,2000.0,1000.0,30.0,500.0,300.0,50.0,50.0,900.0,60.0,497.5,0,1,2000,25
307,2023-08-05,34,1200,True,50.0,30.0,60.0,200.0,1000.0,1200.0,900.0,90.0,600.0,25.0,671.5,1,0,2000,25
417,2023-08-05,60,1000,True,75.0,2000.0,100.0,900.0,500.0,900.0,100.0,1200.0,600.0,300.0,610.5,1,0,2000,25
874,2023-08-06,51,2000,True,100.0,75.0,120.0,300.0,300.0,500.0,50.0,90.0,1500.0,300.0,136.0,1,0,2000,25
611,2023-08-06,61,500,True,600.0,100.0,1500.0,200.0,90.0,300.0,1000.0,100.0,300.0,2000.0,458.0,1,0,2000,25
429,2023-08-07,43,900,False,200.0,120.0,25.0,90.0,1500.0,2000.0,90.0,1000.0,75.0,2000.0,221.0,1,0,2000,25
632,2023-08-07,39,120,False,90.0,100.0,50.0,50.0,300.0,150.0,75.0,100.0,30.0,100.0,271.0,0,1,2000,25
789,2023-08-08,62,25,False,25.0,100.0,900.0,500.0,50.0,150.0,90.0,2000.0,30.0,50.0,537.0,0,1,2000,25
715,2023-08-08,60,1200,False,100.0,500.0,50.0,1500.0,1000.0,900.0,500.0,90.0,600.0,60.0,666.0,1,0,2000,25
959,2023-08-08,59,60,False,50.0,1500.0,25.0,90.0,100.0,900.0,300.0,2000.0,25.0,50.0,407.0,0,1,2000,25
124,2023-08-08,48,100,False,2000.0,120.0,50.0,1000.0,1500.0,1500.0,900.0,600.0,30.0,500.0,410.0,0,1,2000,25
258,2023-08-09,45,200,False,50.0,2000.0,200.0,50.0,900.0,75.0,300.0,500.0,1000.0,25.0,597.5,1,0,2000,25
442,2023-08-09,29,600,False,1200.0,600.0,75.0,200.0,1200.0,50.0,25.0,150.0,1200.0,900.0,423.5,0,1,2000,25
562,2023-08-09,20,60,False,50.0,300.0,1200.0,900.0,900.0,2000.0,50.0,600.0,500.0,500.0,780.0,0,1,2000,25
528,2023-08-09,35,150,False,60.0,50.0,300.0,120.0,100.0,120.0,30.0,100.0,900.0,300.0,663.0,1,0,2000,25
800,2023-08-10,21,200,False,1200.0,100.0,50.0,75.0,120.0,300.0,30.0,25.0,25.0,100.0,357.0,0,1,2000,25
159,2023-08-11,43,100,False,600.0,100.0,120.0,75.0,1500.0,50.0,50.0,600.0,500.0,600.0,423.0,1,0,2000,25
507,2023-08-11,58,600,False,1500.0,50.0,2000.0,150.0,60.0,60.0,120.0,600.0,60.0,50.0,434.0,0,1,2000,25
806,2023-08-11,50,200,False,900.0,1500.0,30.0,300.0,50.0,25.0,2000.0,900.0,200.0,500.0,308.0,1,0,2000,25
815,2023-08-12,47,1000,True,150.0,75.0,50.0,100.0,2000.0,30.0,100.0,200.0,1200.0,100.0,353.5,0,1,2000,25
694,2023-08-12,22,150,True,50.0,100.0,90.0,900.0,300.0,200.0,1000.0,60.0,900.0,90.0,510.0,1,0,2000,25
520,2023-08-12,47,120,True,100.0,120.0,30.0,100.0,900.0,300.0,25.0,200.0,900.0,1500.0,317.5,1,0,2000,25
216,2023-08-13,35,200,True,200.0,200.0,50.0,25.0,1200.0,900.0,200.0,900.0,90.0,100.0,778.0,1,0,2000,25
383,2023-08-13,55,500,True,600.0,300.0,50.0,60.0,1500.0,100.0,300.0,25.0,25.0,100.0,421.5,0,1,2000,25
925,2023-08-14,22,30,False,300.0,100.0,900.0,50.0,75.0,90.0,150.0,900.0,300.0,1200.0,314.0,0,1,2000,25
647,2023-08-14,53,1200,False,1500.0,90.0,75.0,500.0,600.0,2000.0,120.0,90.0,100.0,50.0,730.0,0,1,2000,25
629,2023-08-15,42,100,False,50.0,50.0,300.0,150.0,75.0,100.0,30.0,100.0,1500.0,75.0,315.0,0,1,2000,25
426,2023-08-15,25,25,False,150.0,1200.0,900.0,2000.0,60.0,100.0,200.0,1000.0,600.0,200.0,275.0,0,1,2000,25
956,2023-08-15,60,120,False,900.0,25.0,50.0,75.0,1200.0,50.0,30.0,300.0,500.0,50.0,372.0,1,0,2000,25
569,2023-08-15,49,500,False,200.0,100.0,60.0,50.0,300.0,1200.0,900.0,900.0,2000.0,50.0,552.0,0,1,2000,25
568,2023-08-15,52,200,False,100.0,60.0,50.0,300.0,1200.0,900.0,900.0,2000.0,50.0,600.0,457.0,0,1,2000,25
284,2023-08-15,31,25,False,500.0,200.0,2000.0,1500.0,100.0,100.0,1000.0,50.0,100.0,120.0,211.0,1,0,2000,25
634,2023-08-17,63,900,False,100.0,200.0,2000.0,900.0,75.0,1000.0,50.0,100.0,1200.0,90.0,294.0,1,0,2000,25
276,2023-08-18,36,100,False,1000.0,300.0,2000.0,900.0,900.0,60.0,50.0,60.0,2000.0,1000.0,244.0,0,1,2000,25
28,2023-08-18,42,30,False,500.0,50.0,1000.0,50.0,300.0,120.0,500.0,50.0,50.0,100.0,600.5,1,0,2000,25
858,2023-08-18,56,1500,False,300.0,1000.0,75.0,1200.0,600.0,1200.0,50.0,60.0,150.0,1200.0,830.0,1,0,2000,25
955,2023-08-19,30,1500,True,25.0,90.0,100.0,900.0,300.0,2000.0,25.0,50.0,1500.0,200.0,257.0,0,1,2000,25
822,2023-08-19,56,100,True,150.0,100.0,75.0,500.0,100.0,200.0,900.0,1500.0,30.0,300.0,626.5,1,0,2000,25
980,2023-08-19,30,60,True,75.0,25.0,150.0,75.0,600.0,200.0,200.0,900.0,900.0,50.0,577.5,1,0,2000,25
637,2023-08-19,46,500,True,600.0,2000.0,120.0,90.0,100.0,50.0,50.0,300.0,150.0,75.0,357.5,0,1,2000,25
218,2023-08-20,53,90,True,200.0,200.0,200.0,50.0,25.0,1200.0,900.0,200.0,900.0,90.0,710.0,1,0,2000,25
724,2023-08-21,61,300,False,150.0,900.0,500.0,75.0,1500.0,100.0,50.0,100.0,2000.0,500.0,560.0,0,1,2000,25
991,2023-08-21,57,60,False,100.0,1000.0,25.0,75.0,900.0,1000.0,50.0,300.0,90.0,60.0,402.0,1,0,2000,25
305,2023-08-21,54,50,False,90.0,600.0,120.0,1000.0,1200.0,90.0,1200.0,600.0,60.0,120.0,438.5,0,1,2000,25
879,2023-08-21,22,1000,False,30.0,120.0,30.0,60.0,1500.0,500.0,50.0,1200.0,200.0,100.0,205.5,0,1,2000,25
161,2023-08-21,39,60,False,1000.0,200.0,2000.0,2000.0,900.0,1000.0,2000.0,50.0,75.0,60.0,520.0,0,1,2000,25
72,2023-08-21,29,90,False,300.0,2000.0,100.0,50.0,100.0,200.0,150.0,50.0,1200.0,120.0,618.0,0,1,2000,25
596,2023-08-22,22,1200,False,60.0,100.0,900.0,60.0,50.0,900.0,2000.0,100.0,60.0,2000.0,653.0,0,1,2000,25
621,2023-08-22,49,75,False,1000.0,50.0,100.0,1200.0,90.0,500.0,600.0,100.0,1500.0,200.0,650.0,1,0,2000,25
363,2023-08-23,19,500,False,1200.0,300.0,75.0,500.0,200.0,90.0,50.0,600.0,30.0,2000.0,305.0,1,0,2000,25
115,2023-08-23,23,30,False,100.0,50.0,1500.0,2000.0,75.0,1200.0,50.0,500.0,1000.0,25.0,120.0,1,0,2000,25
367,2023-08-23,56,1200,False,50.0,500.0,1200.0,300.0,75.0,500.0,200.0,90.0,50.0,600.0,257.0,1,0,2000,25
478,2023-08-24,52,1200,False,120.0,75.0,50.0,150.0,75.0,25.0,100.0,600.0,1200.0,50.0,358.0,0,1,2000,25
803,2023-08-24,42,30,False,100.0,200.0,1200.0,100.0,50.0,75.0,120.0,300.0,30.0,25.0,423.5,0,1,2000,25
49,2023-08-24,27,75,False,1000.0,1500.0,1200.0,30.0,25.0,300.0,75.0,900.0,150.0,100.0,660.0,1,0,2000,25
717,2023-08-25,59,75,False,1200.0,100.0,500.0,50.0,1500.0,1000.0,900.0,500.0,90.0,600.0,641.0,1,0,2000,25
281,2023-08-25,64,200,False,2000.0,1500.0,100.0,100.0,1000.0,50.0,100.0,120.0,30.0,90.0,219.5,1,0,2000,25
91,2023-08-25,51,120,False,500.0,30.0,2000.0,100.0,90.0,200.0,60.0,1500.0,100.0,100.0,505.0,1,0,2000,25
623,2023-08-26,34,900,True,75.0,1000.0,50.0,100.0,1200.0,90.0,500.0,600.0,100.0,1500.0,755.0,1,0,2000,25
824,2023-08-26,46,25,True,100.0,150.0,100.0,75.0,500.0,100.0,200.0,900.0,1500.0,30.0,429.5,1,0,2000,25
616,2023-08-26,34,30,True,100.0,1500.0,75.0,50.0,1000.0,30.0,120.0,1200.0,60.0,100.0,595.5,0,1,2000,25
670,2023-08-27,62,150,True,30.0,1200.0,150.0,50.0,1200.0,1000.0,25.0,25.0,90.0,75.0,177.5,0,1,2000,25
755,2023-08-27,62,1200,True,75.0,100.0,30.0,50.0,75.0,90.0,2000.0,2000.0,200.0,50.0,138.0,1,0,2000,25
567,2023-08-27,51,300,True,900.0,30.0,60.0,2000.0,50.0,1200.0,25.0,90.0,50.0,150.0,497.0,1,0,2000,25
814,2023-08-27,51,75,True,500.0,100.0,200.0,900.0,1500.0,30.0,300.0,50.0,25.0,2000.0,303.5,1,0,2000,25
703,2023-08-28,62,90,False,600.0,60.0,120.0,300.0,200.0,150.0,50.0,100.0,90.0,900.0,461.5,1,0,2000,25
145,2023-08-28,38,200,False,1200.0,30.0,2000.0,200.0,1000.0,600.0,50.0,50.0,900.0,200.0,601.5,0,1,2000,25
262,2023-08-28,23,60,False,50.0,60.0,2000.0,1000.0,30.0,500.0,300.0,50.0,50.0,900.0,437.5,0,1,2000,25
732,2023-08-29,34,30,False,1000.0,2000.0,1200.0,150.0,900.0,1200.0,300.0,150.0,900.0,500.0,606.0,0,1,2000,25
475,2023-08-29,27,2000,False,1500.0,900.0,1000.0,150.0,150.0,1500.0,1000.0,100.0,900.0,25.0,247.0,1,0,2000,25
923,2023-08-29,55,100,False,900.0,50.0,75.0,90.0,150.0,900.0,300.0,1200.0,300.0,500.0,344.0,0,1,2000,25
983,2023-08-29,56,500,False,30.0,50.0,100.0,2000.0,25.0,1000.0,200.0,900.0,60.0,200.0,649.0,0,1,2000,25
573,2023-08-31,63,50,False,50.0,300.0,900.0,30.0,60.0,2000.0,50.0,1200.0,25.0,90.0,623.0,1,0,2000,25
250,2023-08-31,57,200,False,50.0,900.0,75.0,300.0,500.0,1000.0,25.0,1000.0,50.0,600.0,1108.5,1,0,2000,25
252,2023-08-31,53,2000,False,200.0,50.0,900.0,75.0,300.0,500.0,1000.0,25.0,1000.0,50.0,1098.5,1,0,2000,25
870,2023-08-31,62,60,False,1500.0,500.0,50.0,1200.0,200.0,100.0,50.0,120.0,25.0,50.0,96.0,0,1,2000,25
750,2023-08-31,42,50,False,75.0,90.0,2000.0,2000.0,200.0,50.0,2000.0,30.0,50.0,200.0,377.0,1,0,2000,25
593,2023-09-01,19,600,False,2000.0,1000.0,1200.0,25.0,200.0,100.0,60.0,1500.0,30.0,120.0,539.0,1,0,2000,25
636,2023-09-01,43,600,False,2000.0,120.0,90.0,100.0,50.0,50.0,300.0,150.0,75.0,100.0,310.0,0,1,2000,25
199,2023-09-01,27,150,False,1500.0,30.0,200.0,1500.0,100.0,25.0,50.0,75.0,200.0,25.0,397.0,0,1,2000,25
854,2023-09-01,54,25,False,50.0,1000.0,50.0,50.0,50.0,500.0,150.0,1500.0,100.0,50.0,567.5,0,1,2000,25
930,2023-09-02,30,120,True,200.0,2000.0,30.0,300.0,100.0,900.0,50.0,75.0,90.0,150.0,204.5,0,1,2000,25
324,2023-09-02,52,50,True,150.0,900.0,50.0,1200.0,50.0,1500.0,100.0,25.0,25.0,1200.0,521.5,1,0,2000,25
681,2023-09-02,46,1200,True,1500.0,150.0,30.0,1200.0,150.0,50.0,1200.0,1000.0,25.0,25.0,332.0,0,1,2000,25
924,2023-09-03,25,300,True,100.0,900.0,50.0,75.0,90.0,150.0,900.0,300.0,1200.0,300.0,329.0,0,1,2000,25
296,2023-09-04,40,1000,False,1200.0,900.0,90.0,600.0,25.0,500.0,200.0,2000.0,1500.0,100.0,479.0,1,0,2000,25
893,2023-09-05,52,30,False,50.0,50.0,900.0,50.0,100.0,900.0,500.0,300.0,1000.0,30.0,212.5,0,1,2000,25
813,2023-09-05,59,500,False,100.0,200.0,900.0,1500.0,30.0,300.0,50.0,25.0,2000.0,900.0,106.5,1,0,2000,25
643,2023-09-06,23,75,False,500.0,600.0,2000.0,120.0,90.0,100.0,50.0,50.0,300.0,150.0,410.0,0,1,2000,25
193,2023-09-06,55,200,False,1500.0,100.0,25.0,50.0,75.0,200.0,25.0,200.0,120.0,1200.0,364.5,0,1,2000,25
695,2023-09-06,50,200,False,150.0,50.0,100.0,90.0,900.0,300.0,200.0,1000.0,60.0,900.0,416.0,1,0,2000,25
244,2023-09-06,47,90,False,100.0,25.0,1500.0,25.0,90.0,100.0,120.0,600.0,500.0,90.0,920.0,0,1,2000,25
295,2023-09-06,22,1200,False,900.0,90.0,600.0,25.0,500.0,200.0,2000.0,1500.0,100.0,100.0,466.5,1,0,2000,25
311,2023-09-07,41,120,False,50.0,90.0,600.0,120.0,1000.0,1200.0,90.0,1200.0,600.0,60.0,842.5,0,1,2000,25
691,2023-09-07,64,100,False,90.0,900.0,300.0,200.0,1000.0,60.0,900.0,90.0,900.0,1500.0,430.0,1,0,2000,25
834,2023-09-07,37,200,False,200.0,2000.0,100.0,90.0,900.0,120.0,300.0,200.0,500.0,200.0,392.0,0,1,2000,25
182,2023-09-08,43,900,False,100.0,100.0,300.0,900.0,50.0,150.0,1200.0,1500.0,150.0,100.0,356.5,1,0,2000,25
850,2023-09-08,32,50,False,50.0,50.0,500.0,150.0,1500.0,100.0,50.0,600.0,90.0,200.0,722.5,0,1,2000,25
412,2023-09-08,44,75,False,2000.0,100.0,900.0,500.0,900.0,100.0,1200.0,600.0,300.0,60.0,517.5,1,0,2000,25
798,2023-09-08,56,100,False,50.0,75.0,120.0,300.0,30.0,25.0,25.0,100.0,900.0,500.0,542.0,0,1,2000,25
934,2023-09-09,34,50,True,100.0,75.0,1200.0,75.0,50.0,90.0,200.0,50.0,90.0,500.0,284.5,1,0,2000,25
857,2023-09-09,23,100,True,50.0,120.0,25.0,50.0,1000.0,50.0,50.0,50.0,500.0,150.0,737.5,0,1,2000,25
918,2023-09-09,22,50,True,90.0,200.0,50.0,90.0,500.0,150.0,25.0,50.0,200.0,50.0,435.0,1,0,2000,25
131,2023-09-10,42,200,True,500.0,100.0,2000.0,120.0,50.0,1000.0,1500.0,1500.0,900.0,600.0,370.0,0,1,2000,25
831,2023-09-11,47,2000,False,100.0,90.0,900.0,120.0,300.0,200.0,500.0,200.0,1000.0,150.0,284.0,0,1,2000,25
603,2023-09-11,29,200,False,90.0,300.0,1000.0,100.0,300.0,2000.0,600.0,2000.0,1000.0,1200.0,309.5,1,0,2000,25
112,2023-09-13,41,50,False,1500.0,2000.0,75.0,1200.0,50.0,500.0,1000.0,25.0,50.0,1200.0,112.5,1,0,2000,25
164,2023-09-14,60,1200,False,1500.0,150.0,100.0,600.0,100.0,120.0,75.0,1500.0,50.0,50.0,417.5,1,0,2000,25
